#,1,2,3,4,5,6,101,102,103
0,500,25,5,515,0,5000,200001|200043|200085|200127,8,15
1,500,25,5,508,0,5000,80201|80301|80401|80501|80601|80701|81001|81101|81601|81701|81801|81901|82401|82501|82601|82701|82801|82810|82901|82910|83001|83101|82001|82101|82201|82301|81201|81301|81401|81501|83201|83301|80801|80810|80819|80901|80910|80919|83401|83501,8,15
2,500,25,5,507,0,5000,50201|50301|50401|50501|50601|50701|51001|51101|51601|51701|51801|51901|52001|52101|52201|52301|52401|52501|52601|52701|52801|52901|53001|53101|53201|53301|53401|53501|53601|53701|53801|53901|51201|51301|51401|51501|54001|54101|54201|54301|50801|50901,8,15
3,500,25,5,511,0,5000,72001|72101|72201|72301|72401|72501|72601|72701|70401|70501|70601|70701|70801|70901|71001|71101|71201|71301|71401|71501|71601|71701|71801|71901|72801|72901|73001|73101|73201|73301|73401|73501|70201|70301|73601|73701,8,15
4,500,25,5,509,0,5000,100101|100107|100113|100119|100125|100131|100137|100143|100149|100155|100161|100167|100173|100179|100185|100191|100197|100203|100209|100215|100221|100227|100233|100239|100245|100251|100257|100263|100269|100275|100281|100287|100293|100299|100305|100311|100317|100323|100329|100335|100341|100347|100353|100359|100365|100371|100377|100383,5,10
5,500,25,5,0,50,5000,10001|10101|10201|10301|10401|10501|100001|100010|100019|100028|100037|100046|200001|200043|200085|200127|80201|80301|80401|80501|80601|80701|81001|81101|81601|81701|81801|81901|82401|82501|82601|82701|82801|82810|82901|82910|83001|83101|82001|82101|82201|82301|81201|81301|81401|81501|83201|83301|80801|80810|80819|80901|80910|80919|83401|83501|50201|50301|60201|60301|50401|50501|60401|60501|50601|50701|60601|60701|51001|51101|62201|62301|51601|51701|51801|51901|62801|62901|52001|52101|63001|63101|52201|52301|52401|52501|52601|52701|63201|63301|52801|52901|53001|53101|53201|53301|63401|63501|53401|53501|53601|53701|63601|63701|53801|53901|63801|63901|51201|51301|62401|62501|51401|51501|62601|62701|54001|54101|54201|54301|64001|64101|50801|50901|60801|60901|61001|61101|61201|61301|61401|61501|61601|61701|61801|61901|62001|62101|72001|72101|72201|72301|72401|72501|72601|72701|70401|70501|70601|70701|70801|70901|71001|71101|71201|71301|71401|71501|71601|71701|71801|71901|72801|72901|73001|73101|73201|73301|73401|73501|70201|70301|73601|73701|100101|100113|100125|100137|100149|100161|100173|100185|100197|100209|100221|100233|100245|100257|100269|100281|100293|100305|100317|100329|100341|100353|100365|100377|100501|100510|100601|100610|83401|83501|83601|4301,8,15
6,500,25,5,0,50,1000,400001|400010|400019|400028|400037|400046|400055|400064|400073|400082|400091|400100|400109|400118|400127|400136|100501|100510|100601|100610|83401|83501|83601,8,10
102,500,25,5,512,0,0,60201|60301|60401|60501|60601|60701|62201|62301|62801|62901|63001|63101|63201|63301|63401|63501|63601|63701|63801|63901|62401|62501|62601|62701|64001|64101|60801|60901|61001|61101|61201|61301|61401|61501|61601|61701|61801|61901|62001|62101,8,15
104,500,25,5,510,0,0,100001|100010|100019|100028|100037|100046,8,15
