#,0,97,98,99,1,2,3,11,12,13,101,102,103,201,202,203,204,205,206
0,胸背,75,306,100,1,2,3,4,5,6,51101,10,10,0,0,0,20,0,对C_10002胸背C_D变招成功时，敌人的提气进度减少C_2000320%C_D！
1,腰腹,75,306,100,7,8,9,10,11,12,51102,10,10,0,0,0,0,20,对C_10002腰腹C_D变招成功时，敌人的架势进度减少C_2000320%C_D！
2,头颈,25,304,100,13,14,15,16,17,18,51106,10,10,0,0,1,0,0,对C_10002头颈C_D变招成功时，敌人失去C_200031C_D个随机的式！
3,左臂,50,306,20,19,20,21,22,23,24,51107,5,10,0,150,0,0,0,对C_10002左臂C_D变招成功时，敌人当前的攻击进度减少C_2000350%C_D！
4,右臂,50,306,20,25,26,27,28,29,30,51107,5,10,0,150,0,0,0,对C_10002右臂C_D变招成功时，敌人当前的攻击进度减少C_2000350%C_D！
5,左腿,50,307,20,31,32,33,34,35,36,51109,5,10,20,0,0,0,0,对C_10002左腿C_D变招成功时，敌人的移动进度减少C_2000320%C_D！
6,右腿,50,307,20,37,38,39,40,41,42,51109,5,10,20,0,0,0,0,对C_10002右腿C_D变招成功时，敌人的移动进度减少C_2000320%C_D！
7,心神,0,0,0,43,44,45,46,47,48,0,0,0,0,0,0,0,0,无
8,毒质,0,0,0,49,50,51,52,53,54,0,0,0,0,0,0,0,0,无
9,全身,0,0,100,55,56,57,58,59,60,0,0,0,0,0,0,0,0,无
