#,0,1,2,3,4,5,6,7,8,9,10,11
50061,Brawn,1,,20004,20010,0,0,0,1,1,,0
50062,Constitution,1,,20004,20010,0,0,0,1,1,,0
50063,Agility,1,,20004,20010,0,0,0,1,1,,0
50064,Structure,1,,20004,20010,0,0,0,1,1,,0
50065,Comprehension,1,,20004,20010,0,0,0,1,1,,0
50066,Concentration ,1,,20004,20010,0,0,0,1,1,,0
50015,Charm,1,,20004,20010,0,0,0,1,1,,0
51361,Brawn,1,%,20004,20010,0,50061,0,1,1,Brawn,0
51362,Constitution,1,%,20004,20010,0,50062,0,1,1,Constitution,0
51363,Agility,1,%,20004,20010,0,50063,0,1,1,Agility,0
51364,Structure,1,%,20004,20010,0,50064,0,1,1,Structure,0
51365,Comprehension,1,%,20004,20010,0,50065,0,1,1,Comprehension,0
51366,Concentration,1,%,20004,20010,0,50066,0,1,1,Concentration,0
50071,Forceful Attacks,1,,20004,20010,0,0,1,1,0,,0
50072,Finesse Attacks,1,,20004,20010,0,0,1,1,0,,0
50073,Swift Attacks,1,,20004,20010,0,0,1,1,0,,0
50092,Forceful Attacks,1,%,20004,20010,0,50071,1,1,1,Forceful Attacks,0
50093,Finesse Attacks,1,%,20004,20010,0,50072,1,1,1,Finesse Attacks,0
50094,Swift Attacks,1,%,20004,20010,0,50073,1,1,1,Swift Attacks,0
50081,Physical Defense,1,,20004,20010,0,0,1,1,1,,0
50082,Qi Defense,1,,20004,20010,0,0,1,1,1,,0
50084,Absorb,1,,20004,20010,0,0,1,1,1,,0
50085,Counter,1,,20004,20010,0,0,1,1,1,,0
50086,Evasion,1,,20004,20010,0,0,1,1,1,,0
50083,Internal Breathing,1,,20004,20010,0,0,1,1,1,,0
51367,Physical Defense,1,%,20004,20010,0,50081,1,1,1,Physical Defense,0
51368,Qi Defense,1,%,20004,20010,0,50082,1,1,1,Qi Defense,0
51370,Absorb,1,%,20004,20010,0,50084,1,1,1,Absorb,0
51371,Counter,1,%,20004,20010,0,50085,1,1,1,Counter,0
51372,Evasion,1,%,20004,20010,0,50086,1,1,1,Evasion,0
51369,Internal Breathing,1,%,20004,20010,0,50083,1,1,1,Internal Breathing,0
50501,Music Mastery,1,,20004,20010,0,0,0,1,1,,0
50502,GO Mastery,1,,20004,20010,0,0,0,1,1,,0
50503,Poetry Mastery,1,,20004,20010,0,0,0,1,1,,0
50504,Painting Mastery,1,,20004,20010,0,0,0,1,1,,0
50505,Mathematics Mastery,1,,20004,20010,0,0,0,1,1,,0
50506,Tasting Mastery,1,,20004,20010,0,0,0,1,1,,0
50507,Smithing Mastery,1,,20004,20010,0,0,0,1,1,,0
50508,Carpentry Mastery,1,,20004,20010,0,0,0,1,1,,0
50509,Medicine Mastery,1,,20004,20010,0,0,0,1,1,,0
50510,Toxicology Mastery,1,,20004,20010,0,0,0,1,1,,0
50511,Weaving Mastery,1,,20004,20010,0,0,0,1,1,,0
50512,Crafting Mastery,1,,20004,20010,0,0,0,1,1,,0
50513,Taoism Mastery,1,,20004,20010,0,0,0,1,1,,0
50514,Buddhism Mastery,1,,20004,20010,0,0,0,1,1,,0
50515,Cooking Mastery,1,,20004,20010,0,0,0,1,1,,0
50516,Miscellaneous Knowledge,1,,20004,20010,0,0,0,1,1,,0
50601,Internal Mastery,1,,20004,20010,0,0,0,1,1,,0
50602,Flying Mastery,1,,20004,20010,0,0,0,1,1,,0
50603,Stance Mastery,1,,20004,20010,0,0,0,1,1,,0
50604,Fist Mastery,1,,20004,20010,0,0,0,1,1,,0
50605,Fingering Mastery,1,,20004,20010,0,0,0,1,1,,0
50606,Kick Mastery,1,,20004,20010,0,0,0,1,1,,0
50607,Hidden Weapon Mastery,1,,20004,20010,0,0,0,1,1,,0
50608,Sword Mastery,1,,20004,20010,0,0,0,1,1,,0
50609,Blade Mastery,1,,20004,20010,0,0,0,1,1,,0
50610,Staff Mastery,1,,20004,20010,0,0,0,1,1,,0
50611,Double Stings Mastery,1,,20004,20010,0,0,0,1,1,,0
50612,Whip Mastery,1,,20004,20010,0,0,0,1,1,,0
50613,Needle Mastery,1,,20004,20010,0,0,0,1,1,,0
50614,Qin Mastery,1,,20004,20010,0,0,0,1,1,,0
50013,Life Point,1,,20004,20010,0,0,0,0,1,,0
50032,External Point,1,,20004,20010,0,0,1,1,1,,0
50033,Internal Injury Point,1,,20004,20010,0,0,1,1,1,,0
50095,External Damage,1,%,20004,20010,0,0,1,1,1,,0
50096,Internal Damage,1,%,20004,20010,0,0,1,1,1,,0
50097,Break Physical ,1,%,20004,20010,0,0,1,1,1,,0
50098,Break Qi,1,%,20004,20010,0,0,1,1,1,,0
51104,Stance Consumption Rate,1,%,20010,20004,0,0,1,1,1,,0
51103,Qi Consumption Rate,1,%,20010,20004,0,0,1,1,1,,0
50022,Defense Efficiency,1,%,20004,20010,0,0,1,1,1,,0
50023,Healing Efficiency,1,%,20004,20010,0,0,1,1,1,,0
51110,Detoxification Efficiency,1,%,20004,20010,0,0,1,1,1,,0
51105,Internal Force Efficiency,1,%,20008,20008,0,0,1,1,1,,0
51106,Casting Speed,1,%,20004,20010,0,0,1,1,1,,0
51107,Attack Speed,1,%,20004,20010,0,0,1,1,1,,0
51108,Weapon Switch,1,%,20004,20010,0,0,1,1,1,,0
51109,Movement Speed,100,,20004,20010,0,0,1,1,1,,0
51111,Movement Distance,100,,20004,20010,0,0,1,1,1,,0
51102,Stance Speed,100,,20004,20010,0,0,1,1,1,,0
51101,Qi Gathering Speed,100,,20004,20010,0,0,1,1,1,,0
50041,Vicious resistance,1,,20004,20010,0,50042|50043|50044|50045|50046,1,1,1,Whole toxin resistance,1
50042,Stagnation resistance,1,,20004,20010,0,0,1,1,1,,0
50043,Cold resistance,1,,20004,20010,0,0,1,1,1,,0
50044,Red poison resistance,1,,20004,20010,0,0,1,1,1,,0
50045,Corrosion resistance,1,,20004,20010,0,0,1,1,1,,0
50046,Magical resistance,1,,20004,20010,0,0,1,1,1,,0
50040,Internal disturbance,10,,20010,20004,0,0,0,0,1,,0
52001,Exquisite,1,,20008,20008,0,0,0,1,1,,0
52002,Intelligent,1,,20008,20008,0,0,0,1,1,,0
52003,Waterborne,1,,20008,20008,0,0,0,1,1,,0
52004,Brave,1,,20008,20008,0,0,0,1,1,,0
52005,Perseverance,1,,20008,20008,0,0,0,1,1,,0
52006,Calm,1,,20008,20008,0,0,0,1,1,,0
52007,Fuyuan,1,,20008,20008,0,0,0,1,1,,0
50024,Fertility,1,%,20004,20010,0,0,0,1,1,,0
50206,Likes and dislikes,1,year,20008,20008,0,0,0,1,1,,0
50209,Good Opinion change,100, / year,20004,20010,0,0,0,1,1,,0
11,External,10,%,20010,20004,1,0,0,1,0,,0
12,Internal Injury ,10,%,20010,20004,1,0,0,1,0,,0
13,Life,1,,20004,20010,1,0,0,1,0,,0
39,Internal disturbance,1,,20010,20004,1,0,0,1,0,,0
61,Vicious poison,1,,20008,20003,1,0,0,1,0,,0
62,Septic poison,1,,20006,20003,1,0,0,1,0,,0
63,Cold poison,1,,20005,20003,1,0,0,1,0,,0
64,Red poison,1,,20010,20003,1,0,0,1,0,,0
65,Poison,1,,20004,20003,1,0,0,1,0,,0
66,Illusion,1,,20007,20003,1,0,0,1,0,,0
92,Trophy drop,1,%,20004,20010,0,0,0,1,0,,0
93,Lost heart,1,%,20004,20010,0,0,0,1,0,,0
907,Travel speed,1,%,20004,20010,0,0,0,1,0,,0
908,Bank size,100,,20004,20010,0,0,0,1,0,,0
