#,1,2,3,4,5,6,7,8,9,21,22,23
1,0,25,0,-1,65,9279&1,9280&1,0,100,0,0,0
2,0,22,0,-1,60,9279&1,9280&1,0,90,0,0,0
3,0,19,0,-1,55,9279&1,9280&1,0,80,0,0,0
4,0,16,0,-1,50,9279&1,9280&1,0,70,0,0,0
5,0,13,0,-1,45,9279&1,9280&1,0,60,0,0,0
6,0,10,0,-1,40,9279&1,9280&1,0,50,0,0,0
7,0,7,0,-1,35,9279&1,9280&1,0,40,0,0,0
8,0,4,0,-1,30,9279&1,9280&1,0,30,0,0,0
9,0,1,0,-1,25,9279&1,9280&1,0,20,0,0,0
11,0,28,1,-1,8,9279&1,9280&1,0,200,0,0,0
12,0,25,1,-1,7,9279&1,9280&1,0,180,0,0,0
13,0,22,1,-1,6,9279&1,9280&1,0,160,0,0,0
14,0,19,1,-1,5,9279&1,9280&1,0,140,0,0,0
15,0,16,1,-1,4,9279&1,9280&1,0,120,0,0,0
16,0,13,1,-1,3,9279&1,9280&1,0,100,0,0,0
17,0,10,1,-1,2,9279&1,9280&1,0,80,0,0,0
18,0,7,1,-1,1,9279&1,9280&1,0,60,0,0,0
19,0,4,1,-1,0,9279&1,9280&1,0,40,0,0,0
