#,0,1,2,3,4,5,6,7,8,97,99,98
10000,卸力,20005,0,0,100,0,1,0,0,卸去敌之劲力,敌人所施展的功法威力下降,
10001,拆招,20005,0,0,100,0,1,0,0,拆解敌之招式,敌人所施展的功法威力下降,
10002,闪避,20005,0,0,100,0,1,0,0,闪避敌之攻势,敌人所施展的功法威力下降,
10003,变招,20005,0,0,100,0,1,0,0,变化攻击招式,变化攻击招式以攻击敌之弱点部位,
10004,逃脱中断,20010,1.4,0,100,0,1,0,0,逃脱距离不足,因战斗距离被缩短至C_200033C_D或以下，逃脱被中断,
10006,治疗伤势,20004,0,0,100,0,1,0,0,所有伤势减轻,进行止血或调气以减轻运用者身上所有的外伤与内伤,
10007,驱除毒素,20004,0,0,100,0,1,0,0,所有毒素减少,减少运用者体内所有类型的毒素,
10008,催发真气,20004,0,0,100,0,1,0,0,提气架势增加,立即令运用者的提气值与架势值达到C_20003100%C_D,
10009,内力冲克,20010,1.6,0,100,0,1,0,0,内力冲克受伤,自身的内力属性与所施展的功法属性冲克而对自身造成了内伤与内息紊乱,
10010,逆运内功,20010,1.4,0,100,0,1,0,0,内息紊乱增加,因逆正法而运使内功，自身的内息紊乱增加,
10011,克敌内气,20005,0,0,100,0,1,0,0,提高功法伤害,因自身的功法属性克制对方的内力属性，功法的伤害提高,
10012,御敌内气,20005,0,0,100,0,1,0,0,降低所受伤害,因自身的内力属性克制对方的功法属性，受到的伤害降低,
10101,烈毒发作,20010,1.4,0,100,0,1,0,0,毒发造成外伤,移动一定的次数后发作，根据毒素量衍生赤毒，根据毒素量造成外伤,
10102,郁毒发作,20010,1.4,0,100,0,1,0,0,毒发造成内伤,积攒C_200039C_D个式超过一定次数后发作，根据毒素量衍生寒毒，根据毒素量造成内伤,
10103,寒毒发作,20010,1.6,0,100,0,1,0,0,部分内伤恶化,消耗提气时发作，根据毒素量衍生幻毒，使最多C_200033C_D个内伤恶化,
10104,赤毒发作,20010,1.6,0,100,0,1,0,0,部分外伤恶化,消耗架势时发作，根据毒素量衍生腐毒，使最多C_200033C_D个外伤恶化,
10105,腐毒发作,20010,1.4,0,100,0,1,0,0,阻碍外伤治疗,治疗外伤时发作，根据毒素量衍生烈毒，降低治疗外伤的效果,
10106,幻毒发作,20010,1.4,0,100,0,1,0,0,阻碍内伤治疗,治疗内伤时发作，根据毒素量衍生郁毒，降低治疗内伤的效果,
201,卧虎功,20005,0,4,100,0,1,0,0,降低所受内伤,在运用者施展功法的过程中，运用者受到的所有内伤降低,
202,沾衣十八跌,20005,0,3,100,0,1,0,0,恢复己之守御,以此功法进行防御时，每当运用者成功反击敌人，恢复运用者的守御值,
203,千斤坠,20005,0,3,100,0,1,0,0,消除敌之移动,以此功法进行防御时，每当运用者将敌人的攻击卸力，随机消除敌人的C_200031C_D点移动力,
204,遍体铜人法,20005,0,4,100,0,1,0,0,防止出现破绽,在运用者运起护体功法的过程中，运用者不会出现新的破绽,
205,金钟罩,20005,0,3,100,0,0,0,0,消除己之破绽,以此功法进行防御时，每当运用者反震敌人的攻击，随机消除运用者身上的C_200031C_D个破绽,
206,小罗汉棍阵,20005,0,4,100,0,1,0,0,协助防御加强,提高运用者的同伴协助防御的效果,
207,佛门狮子吼,20005,0,4,50,0,1,0,0,破坏敌移动力,每当运用者“准备施展”功法攻击敌人，一定机率破坏敌人所有的移动力,
208,混元一气功,20005,0,3,100,0,0,0,0,免受特定内伤,以此功法进行防御时，只要运用者的守御值未被尽破，运用者免受任何程度低于运用者护体真气的内伤,
209,金刚护体神功,20005,0,3,100,0,0,0,0,免受特定外伤,以此功法进行防御时，只要运用者的守御值未被尽破，运用者免受任何程度低于运用者护体真气的外伤,
210,峨眉虎步功,20005,0,4,0,0,1,0,0,降低所受伤害,运用者的移动速度越快，就有越高的机率降低敌人对运用者造成的伤害,
211,心无定意,20005,0,4,20,0,1,0,0,获得额外的式,每当运用者获得C_200031C_D个式，一定机率使运用者再获得C_200031C_D个相同的式,
212,五花八门,20005,0,4,100,0,0,0,0,提高防御能力,只要运用者拥有C_200033C_D个或更多同样类型的式，运用者的卸力、拆招、闪避就会提高,
213,尽无骨,20005,0,3,100,0,1,0,0,获得随机的式,以此功法进行防御时，每当运用者将敌人的攻击闪避，运用者获得C_200031C_D个随机的式,
214,清静归一,20005,0,4,100,0,1,0,0,减少敌之气势,每当运用者化解敌人的普通攻击，减少敌人的提气值与架势值,
215,四象莲华阵,20005,0,4,100,0,0,0,0,消除己之破绽,每当运用者的同伴为运用者抵挡伤害，随机消除运用者身上的C_200031C_D个破绽,
216,杨仙公金身法,20005,0,3,100,0,1,0,0,降低所受伤害,以此功法进行防御时，运用者拥有的式越多，运用者受到的伤害越低,
217,七星横链,20005,0,4,100,0,0,0,0,忽略气势需求,当运用者拥有C_200037C_D个或更多的式时，运用者能够在提气值与架势值未满情况下施展需要消耗式的功法攻击敌人,
218,圣灯启悟诀,20005,0,3,100,0,1,0,0,消除己之减益,以此功法进行防御时，每当运用者将敌人的攻击化解，消除运用者身上的C_200031C_D个减益状态,
219,三十六手易针法,20005,0,4,100,0,1,0,0,变招机率提高,提高运用者变招时的成功率,
220,净衣辟邪,20005,0,4,100,0,1,0,0,降低所受毒害,降低任何情况下运用者受到的毒害,
221,百草雀啄灸,20005,0,4,50,0,0,0,0,随机减轻伤势,每当运用者变招成功，一定机率减轻运用者身上的C_200031C_D个随机伤口的伤势,
222,乱针错穴,20005,0,4,100,0,0,0,0,点穴视同破绽,每当运用者攻击敌人被点穴的部位，此部位同时也被视为有破绽的部位,
223,阴阳脉逆转,20005,0,3,20,0,1,0,0,反转己之状态,以此功法进行防御时，每当运用者成功反击敌人，一定机率将运用者身上的C_200031C_D个减益状态变换为增益状态,
224,十二经大挪移,20005,0,3,100,0,1,0,0,解开受封穴道,以此功法进行防御时，运用者不会被点穴，同时敌人对运用者造成的点穴会为运用者解开受击部位上被封闭的穴道,
225,生死八门,20005,0,4,100,0,0,0,0,治愈己之伤势,每当运用者出现C_200031C_D个新的伤口，运用者身上伤势最轻的C_200031C_D个伤口就会被治愈,
226,血海凝冰术,20005,0,3,100,0,0,0,0,免受特定伤害,以此功法进行防御时，如果敌人对运用者已存在的伤口造成的伤害低于该伤口当前的伤势程度，此伤害无效,
227,完璧不破法,20005,0,3,100,0,1,0,0,降低敌之破体,以此功法进行防御时，敌人的破体值变化为C_200030C_D,
228,武当铁布衫,20005,0,3,100,0,1,0,0,护体御气均分,以此功法进行防御时，当运用者受到敌人的攻击，以运用者的护体值与御气值的平均值抵挡伤害,
229,三才剑阵,20005,0,4,100,0,0,0,0,我方协助加快,我方同伴协助动作加快,
230,云床九练,20005,0,3,100,0,0,0,0,消除己之破绽,以此功法进行防御时，每当运用者将敌人的攻击拆招，随机消除运用者身上的C_200031C_D个破绽,
231,阴阳周天法,20005,0,4,100,0,0,0,0,降低内息影响,降低内息紊乱对运用者所有主要属性的影响,
232,五气朝元功,20005,0,3,100,0,1,0,0,恢复己之真气,施展此功法时，使运用者所有低于初始值的真气增加C_200031C_D点,
233,真武荡魔阵,20005,0,4,100,0,1,0,0,协助攻击加强,提高运用者的同伴协助攻击的效果,
234,无极劲,20005,0,3,100,0,1,0,0,损耗敌之架势,以此功法进行防御时，每当运用者反击敌人，消除敌人当前所有的架势值,
235,三华聚顶,20005,0,4,20,0,1,0,0,提高功法伤害,每当运用者施展功法攻击敌人，一定机率使功法的伤害提高C_2000330%C_D,
236,九滚十八跌,20005,0,3,100,0,0,0,0,额外获得移动,以此功法进行防御时，每当运用者将敌人的攻击卸力，运用者获得C_200031C_D点移动力,
237,亦刀亦剑,20005,0,4,100,0,1,0,0,攻击进度增加,每当运用者切换武器，运用者的攻击进度就会增加,
238,元山七煞阵,20005,0,4,100,0,1,0,0,攻击进度增加,每当运用者的同伴攻击敌人，运用者的攻击进度就会增加,
239,金刀换掌功,20005,0,3,100,0,1,0,0,降低敌之命中,以此功法进行防御时，降低敌人的武器的力道、精妙、迅疾,
240,释迦掷象,20005,0,4,0,0,1,0,0,获得摧破真气,每当运用者切换武器，武器的重量越重，运用者就有越高的机率获得C_200031C_D点摧破真气,
241,太卜玄典,20005,0,4,100,0,0,0,0,减少式的消耗,减少功法施展所需的劈式、刺式、撩式的数量，但最少不会低于C_200031C_D个,
242,太初归藏诀,20005,0,3,100,0,1,0,0,免受真气降低,以此功法进行防御时，运用者的真气不会因为任何原因而降低,
243,狮相铁头功,20005,0,3,100,0,1,0,0,降低头部伤害,以此功法进行防御时，运用者的头部受到的伤害大幅降低,
244,兵闻拙速,20005,0,4,100,0,1,0,0,施展进度增加,在运用者施展功法的过程中，每当敌人对运用者造成伤害，运用者施展功法的进度就会增加,
245,刀枪不入法,20005,0,3,100,0,0,0,0,提高周身坚韧,以此功法进行防御时，运用者周身所有的部位均视为额外被坚韧值C_2000310C_D的防具所覆盖,
246,霸王举鼎,20005,0,4,0,0,1,0,0,提高攻击伤害,运用者的负重越高，就有越高的机率提高运用者对敌人造成的伤害,
247,狮啸功,20005,0,4,100,0,0,0,0,提高攻击速度,当运用者失去所有的守御值时，运用者的攻击速度就会大幅提高,
248,霸王解甲功,20005,0,3,100,0,0,0,0,获得摧破真气,施展此功法时，运用者失去所有的守御值，运用者失去的守御值越多，运用者就能获得越多的摧破真气,
249,五鬼搬运法,20005,0,3,50,0,0,0,0,转移敌之蓄式,以此功法进行防御时，每当运用者将敌人的攻击拆招，一定机率将敌人的C_200031C_D个式转移给运用者,
250,长目飞耳功,20005,0,4,100,0,0,0,0,更易造成破绽,运用者与敌人的距离越远，运用者的攻击越容易使敌人出现破绽,
251,阴阳眼术,20005,0,4,100,0,0,0,0,降低敌之移速,在运用者“准备施展”功法的过程中，降低敌人的移动速度,
252,摄魂大法,20005,0,3,100,0,1,0,0,降低心神伤害,以此功法进行防御时，运用者受到的心神性伤害大幅降低,
253,六丁六甲阵,20005,0,4,100,0,1,0,0,消除减益状态,每当运用者的同伴为运用者抵挡伤害，消除运用者身上的C_200031C_D个减益状态,
254,天罡咒,20005,0,3,100,0,1,0,0,降低特定伤害,以此功法进行防御时，如果敌人施展逆练的功法攻击运用者，敌人造成的伤害大幅降低,
255,象拟比转功,20005,0,3,100,0,0,0,0,转移己之破绽,施展此功法时，将运用者身上的C_200033C_D个破绽转移给敌人,
256,万化各归,20005,0,3,100,0,1,0,0,降低敌之伤害,以此功法进行防御时，每当运用者成功反击敌人，C_20003「降低敌人造成外伤与造成内伤的能力」C_D,
257,冰清玉洁,20005,0,4,100,0,0,0,0,降低敌之攻速,运用者的魅力越高，敌人的攻击速度就越低,
258,精卫填海式,20005,0,3,100,0,1,0,0,扰乱敌之蓄式,以此功法进行防御时，每当运用者将敌人的攻击拆招，给敌人添加C_200031C_D个无法使用的[无]式,
259,墨玉功,20005,0,4,100,0,1,0,0,消除减益状态,每当运用者受到致命伤，消除运用者身上的C_200031C_D个减益状态,
260,天女散花阵,20005,0,4,100,0,0,0,0,额外获得移动,每当运用者的同伴为运用者抵挡伤害，运用者获得C_200031C_D点移动力,
261,霞姝仙衣法,20005,0,4,100,0,1,0,0,造成心神内伤,只要运用者的魅力高于敌人，每当运用者施展功法攻击敌人，运用者就会对敌人造成C_200031C_D个心神性的内伤,
262,镜花水月,20005,0,3,100,0,0,0,0,免受特定伤害,以此功法进行防御时，敌人拥有的无法使用的[无]式越多，运用者就有越高的机率免受敌人造成的任何伤害,
263,女娲补天式,20005,0,3,100,0,1,0,0,获得特定真气,以此功法进行防御时，每当运用者受到致命伤，运用者就会获得C_200031C_D点轻灵真气和C_200031C_D点奇窍真气,
264,七手八脚功,20005,0,4,100,0,0,0,0,提高攻击速度,当运用者装备C_200033C_D种不同类型的武器时，运用者的攻击速度加快,
265,木甲护身法,20005,0,3,100,0,1,0,0,免受轻度内伤,以此功法进行防御时，敌人对运用者造成的轻内伤降低C_20003100%C_D,
266,辟甲真钢十四诀,20005,0,4,100,0,1,0,0,武器破甲不减,当敌人的防具的坚韧值低于运用者的武器的破甲值时，运用者的武器的破甲值不会被敌人的防具的坚韧值抵消,
267,神机阵,20005,0,4,100,0,0,0,0,同伴攻击加快,缩短运用者的同伴攻击敌人的间隔,
268,天兵披甲术,20005,0,3,100,0,0,0,0,提高己之坚韧,以此功法进行防御时，运用者的防具的坚韧值超大幅提高,
269,玲珑九窍,20005,0,3,100,0,1,0,0,获得特定真气,施展此功法时，运用者所装备的所有宝物的耐久度减少，每件宝物均会依据其自身材质的不同为运用者增加不同类型的真气,
270,天铸玄铁册,20005,0,4,100,0,0,0,0,武器攻击变化,运用者当前所使用的武器的力道、精妙、迅疾不会低于运用者所装备的所有武器的力道、精妙、迅疾的平均值,
271,四指青膏,20005,0,4,100,0,0,0,0,更多疗伤机会,使运用者在战斗中治疗伤势的机会增加,
272,三部九候法,20005,0,4,0,0,1,0,0,免受破绽影响,运用者与敌人的距离越近，运用者身上的所有破绽就有越高的机率不会生效,
273,腑脏切剖法,20005,0,4,100,0,1,0,0,敌人出现破绽,每当运用者击中敌人的胸腹部位，必然使敌人被攻击的部位出现C_200031C_D个破绽,
274,五黄辟毒术,20005,0,3,100,0,1,0,0,降低所受毒害,以此功法进行防御时，大幅降低运用者所受到的任何毒害,
275,子午安息香,20005,0,4,20,0,1,0,0,获得随机真气,每当运用者击中敌人的头部，运用者就有一定机率获得C_200031C_D点随机类型的真气,
276,驱血法,20005,0,4,100,0,0,0,0,引化敌之毒发,每当运用者施展功法攻击敌人，立即使敌人体内C_200031C_D项可发作的毒性发作,
277,白水长生法,20005,0,4,100,0,1,0,0,获得奇窍真气,每当敌人毒性发作，运用者获得C_200031C_D点奇窍真气,
278,青蛟生骨功,20005,0,3,100,0,1,0,0,治疗己之伤势,以此功法进行防御时，持续治疗运用者身上所有伤口,
279,九色玉蝉法,20005,0,4,100,0,1,100,0,随机治愈伤势,每当运用者受到的外伤或内伤即将超过承受上限，立即消耗C_200039C_D点奇窍真气，随机治愈C_200039C_D个伤口,
280,随所欲,20005,0,4,100,0,1,0,0,随机增减真气,每当运用者出现破绽，使运用者获得C_200031C_D点随机类型的真气或失去C_200031C_D点随机类型的真气,
281,拿脉功,20005,0,3,100,0,1,0,0,降低敌之提气,以此功法进行防御时，每当运用者成功反击敌人，C_20003「降低敌人的提气速度」C_D,
282,易筋缩骨功,20005,0,3,100,0,1,0,0,免受胸腹伤害,以此功法进行防御时，敌人的普通攻击无法击中运用者的胸腹，敌人的功法对运用者的胸腹造成的伤害降低,
283,七轮感应法,20005,0,4,100,0,1,0,0,获得随机的式,每当运用者的真气增加，运用者获得C_200031C_D个随机的式,
284,曼荼罗真言,20005,0,3,100,0,1,0,0,获得护体真气,施展此功法时，运用者获得C_200032C_D点护体真气,
285,明王拙火定,20005,0,3,100,0,1,0,0,变化敌之内功,以此功法进行防御时，每当运用者反震敌人的攻击，C_20003「减少敌人的内功发挥」C_D,
286,大手印,20005,0,4,100,0,0,0,0,攻击不被化解,当运用者拥有C_200033C_D个或更多同样类型的式时，敌人无法化解与这种式相同的普通攻击,
287,即身成佛,20005,0,3,100,0,1,50,0,增加己之真气,以此功法进行防御时，如果运用者受到的外伤或内伤超过运用者承受上限的C_2000375%C_D，每当敌人施展功法攻击运用者，依据运用者的佛学造诣，使运用者获得大量随机类型的真气,
288,迷虫香,20005,0,4,100,0,1,0,0,获得施蛊之虫,每当敌人毒性发作，运用者获得C_200031C_D只蛊虫,
289,乱情瘴,20005,0,3,50,0,1,0,0,消除敌之蓄式,以此功法进行防御时，每当运用者反震敌人的攻击，一定机率使敌人失去C_200031C_D个随机的式,
290,红玉九香虫,20005,0,4,100,0,1,0,0,提高功法伤害,每当运用者施展功法攻击敌人，依据敌人体内的各类毒素数量提高功法的伤害,
291,灭蛊咒,20005,0,3,100,0,0,0,0,灭杀敌之蛊虫,施展此功法时，杀死C_200033C_D只敌人的蛊虫,
292,血偶破煞法,20005,0,3,100,0,0,0,0,解开受封穴道,以此功法进行防御时，每当运用者将敌人的攻击拆解，随机解开相当于运用者拥有的蛊虫数量的被封闭的穴道,
293,丧魂息,20005,0,3,100,0,1,0,0,施加大量幻毒,以此功法进行防御时，每当运用者将敌人的攻击闪避，根据运用者的奇窍真气，对敌人施加大量幻毒,
294,天蚕噬蛊,20005,0,4,100,0,1,0,0,提高毒发伤害,提高敌人毒性发作对敌人造成的伤害,
295,鬼降大法,20005,0,3,100,0,1,0,0,降低敌之气血,以此功法进行防御时，每当运用者成功反击敌人，C_20003「降低敌人的内伤上限」C_D并使敌人的内息紊乱,
296,天蛇换骨功,20005,0,4,100,0,1,0,0,减轻重大伤势,每当敌人将要对运用者造成伤势程度超过C_20003100%C_D的伤口时，此伤害减少C_2000390%C_D,
297,天关通,20005,0,4,100,0,1,0,0,解开受封穴道,当运用者身上的某个部位有C_200037C_D个或更多被封闭的穴道时，解开此部位所有被封闭的穴道,
298,河伯娶妻,20005,0,3,100,0,1,0,0,转移敌之提气,以此功法进行防御时，每当运用者成功反击敌人，将敌人的一部分提气值转移给运用者,
299,六转天潢,20005,0,3,50,0,1,0,0,损耗敌之真气,以此功法进行防御时，每当运用者将敌人的攻击拆招，一定机率使敌人的护体真气减少C_200031C_D点,
300,寒冰八脉,20005,0,3,100,0,1,0,0,降低所受内伤,以此功法进行防御时，只要敌人未击中运用者的破绽，运用者受到的内伤降低,
301,南斗六星阵,20005,0,4,100,0,0,0,0,同伴频繁防御,运用者的同伴为运用者抵挡伤害的机率提高,
302,九曜星君眼,20005,0,4,100,0,0,0,0,减少式的消耗,减少功法施展所需的掷式、弹式、御式的数量，但最少不会低于C_200031C_D个,
303,怒相功,20005,0,4,0,0,1,0,0,提高攻击伤害,运用者的魅力越低，就有越高的机率提高运用者对敌人造成的伤害,
304,龙回首,20005,0,3,100,0,1,0,0,攻击进度增加,以此功法进行防御时，每当运用者将敌人的攻击卸力，运用者的攻击进度增加,
305,神火罩功,20005,0,3,100,0,1,0,0,提高己之破体,以此功法进行防御时，每当运用者反震敌人的攻击，C_20003「提高运用者的破体强度」C_D,
306,龙闯阵,20005,0,4,100,0,1,0,0,移动进度增加,每当运用者的同伴攻击敌人，运用者的移动进度就会增加,
307,雷公铸骨,20005,0,3,100,0,1,0,0,获得随机真气,以此功法进行防御时，每当运用者受到致命伤，运用者获得C_200033C_D点随机类型的真气,
308,天芒丹心术,20005,0,4,100,0,0,0,0,减少式的消耗,减少功法施展所需的崩式、点式、拿式的数量，但最少不会低于C_200031C_D个,
309,千年醉,20005,0,4,100,0,1,0,0,获得额外的式,当运用者在醉酒的状态下受到敌人的普通攻击时，只要运用者使用的武器具备同样的攻击方式，运用者就能获得此次攻击的式,
310,遮天蔽日功,20005,0,3,100,0,1,0,0,降低所受外伤,以此功法进行防御时，只要敌人未击中运用者的破绽，运用者受到的外伤降低,
311,烂泥绝技,20005,0,3,100,0,1,0,0,免受敌之追击,以此功法进行防御时，敌人对运用者的追击必然失败,
312,乱气杀,20005,0,4,0,0,1,0,0,提高攻击伤害,敌人的内息越紊乱，就有越高的机率提高运用者对敌人造成的伤害,
313,鬼夜哭,20005,0,3,100,0,1,0,0,降低敌之化解,施展此功法时，依据敌人的勇壮，C_20003「降低敌人的卸力、拆招、闪避」C_D,
314,血食功,20005,0,4,100,0,0,0,0,提高攻击伤害,敌人受伤越重，就有越高的机率提高运用者对敌人造成的伤害,
315,移魂大法,20005,0,3,100,0,1,0,0,驱使敌人移动,施展此功法时，立刻令敌人走近运用者,
316,心我两灭咒,20005,0,4,100,0,0,0,0,提高攻击伤害,运用者拥有越多敌人没有的式，就有越高的机率提高运用者对敌人造成的伤害,
317,十二血童大阵,20005,0,4,100,0,0,0,0,转移己之伤势,每当运用者的同伴为运用者抵挡伤害，将运用者身上的C_200031C_D个随机伤口转移到该同伴身上,
318,天魔通,20005,0,3,100,0,1,0,0,施加大量赤毒,以此功法进行防御时，根据运用者的摧破真气，持续对敌人施加大量赤毒,
319,血童不死身,20005,0,4,100,0,0,100,0,交换所有伤势,每当运用者受到的外伤或内伤即将超过运用者自身的承受上限，运用者就会立即与C_200031C_D名伤势未超过其承受上限的同伴交换所有伤势，并将运用者所有非摧破类型的真气立即转换为摧破真气,
5201,逆·卧虎功,20007,0,4,100,0,1,0,0,降低所受外伤,在运用者施展功法的过程中，运用者受到的所有外伤降低,
5202,逆·沾衣十八跌,20007,0,3,100,0,1,0,0,减少敌之守御,以此功法进行防御时，每当运用者成功反击敌人，减少敌人的守御值,
5203,逆·千斤坠,20007,0,3,100,0,1,0,0,破坏敌移动力,以此功法进行防御时，每当运用者将敌人的攻击卸力，随机破坏敌人的C_200031C_D点移动力,
5204,逆·遍体铜人法,20007,0,4,100,0,1,0,0,免受破绽影响,在运用者运起护体功法的过程中，运用者身上的所有破绽不会生效,
5205,逆·金钟罩,20007,0,3,100,0,0,0,0,敌人出现破绽,以此功法进行防御时，每当运用者反震敌人的攻击，随机使敌人出现C_200031C_D个破绽,
5206,逆·小罗汉棍阵,20007,0,4,100,0,1,0,0,敌之协防减弱,降低敌方的同伴协助防御的效果,
5207,逆·佛门狮子吼,20007,0,4,50,0,1,0,0,消除敌之蓄式,每当运用者“准备施展”功法攻击敌人，一定机率使敌人失去C_200033C_D个随机的式,
5208,逆·混元一气功,20007,0,3,100,0,0,0,0,反震内伤增强,以此功法进行防御时，只要运用者的守御值未被尽破，大幅提高此功法的内伤反震伤害,
5209,逆·金刚护体神功,20007,0,3,100,0,0,0,0,反震外伤增强,以此功法进行防御时，只要运用者的守御值未被尽破，大幅提高此功法的外伤反震伤害,
5210,逆·峨眉虎步功,20007,0,4,0,0,1,0,0,提高攻击伤害,运用者的移动速度越快，就有越高的机率提高运用者对敌人造成的伤害,
5211,逆·心无定意,20007,0,4,50,0,1,0,0,减少式的消耗,每当运用者施展需要消耗式的功法，一定机率使运用者少消耗C_200031C_D个式,
5212,逆·五花八门,20007,0,4,100,0,0,0,0,提高攻击能力,只要运用者拥有的式均不相同，运用者的力道、精妙、迅疾就会提高,
5213,逆·尽无骨,20007,0,3,100,0,1,0,0,消除敌之蓄式,以此功法进行防御时，每当运用者将敌人的攻击闪避，使敌人失去C_200031C_D个随机的式,
5214,逆·清静归一,20007,0,4,100,0,1,0,0,增加提气架势,每当运用者化解敌人的普通攻击，增加运用者的提气值与架势值,
5215,逆·四象莲华阵,20007,0,4,100,0,0,0,0,敌人出现破绽,每当运用者的同伴为运用者抵挡伤害，随机使敌人出现C_200031C_D个破绽,
5216,逆·杨仙公金身法,20007,0,3,100,0,1,0,0,降低所受伤害,以此功法进行防御时，运用者拥有的式越少，运用者受到的伤害越低,
5217,逆·七星横链,20007,0,4,100,0,1,0,0,增加提气架势,当运用者拥有的式小于C_200037C_D个时，每当运用者获得式，增加运用者的提气值与架势值,
5218,逆·圣灯启悟诀,20007,0,3,100,0,1,0,0,消除敌之增益,以此功法进行防御时，每当运用者将敌人的攻击化解，消除敌人身上的C_200031C_D个增益状态,
5219,逆·三十六手易针法,20007,0,4,100,0,1,0,0,额外变招机会,提高运用者普通攻击时的变招机率,
5220,逆·净衣辟邪,20007,0,4,100,0,1,0,0,降低毒发伤害,降低毒性发作对运用者造成的伤害,
5221,逆·百草雀啄灸,20007,0,4,50,0,0,0,0,恶化敌之伤势,每当运用者变招成功，一定机率使敌人受到攻击的部位上的C_200031C_D个随机伤口恶化,
5222,逆·乱针错穴,20007,0,4,50,0,0,0,0,封闭敌之穴道,每当运用者对敌人造成点穴，一定机率再随机封闭敌人身上的C_200031C_D个穴道,
5223,逆·阴阳脉逆转,20007,0,3,20,0,1,0,0,反转敌之状态,以此功法进行防御时，每当运用者成功反击敌人，一定机率将敌人身上的C_200031C_D个增益状态变换为减益状态,
5224,逆·十二经大挪移,20007,0,3,100,0,1,0,0,反转敌之点穴,以此功法进行防御时，运用者不会被点穴，同时敌人对运用者造成的点穴会反过来封闭其自身的穴道,
5225,逆·生死八门,20007,0,4,100,0,0,0,0,获得随机真气,每当敌人击中运用者伤势程度超过C_2000350%C_D的伤口，运用者就会获得C_200031C_D点随机类型的真气,
5226,逆·血海凝冰术,20007,0,3,100,0,0,0,0,免受特定毒害,以此功法进行防御时，如果敌人施加给运用者的毒素低于运用者体内该毒素的数量，此毒素无效,
5227,逆·完璧不破法,20007,0,3,100,0,1,0,0,降低敌之破气,以此功法进行防御时，敌人的破气值变化为C_200030C_D,
5228,逆·武当铁布衫,20007,0,3,100,0,1,0,0,破体破气均分,以此功法进行防御时，当运用者受到敌人的攻击，以敌人的破体值与破气值的平均值造成伤害,
5229,逆·三才剑阵,20007,0,4,100,0,0,0,0,敌方协助减慢,敌方同伴的协助动作减慢,
5230,逆·云床九练,20007,0,3,100,0,0,0,0,敌人出现破绽,以此功法进行防御时，每当运用者将敌人的攻击拆招，随机使敌人出现C_200031C_D个破绽,
5231,逆·阴阳周天法,20007,0,4,100,0,0,0,0,减少内息影响,减少内息紊乱对运用者所有防御属性的影响,
5232,逆·五气朝元功,20007,0,3,100,0,1,0,0,损耗敌之真气,施展此功法时，使敌人所有高于初始值的真气减少C_200031C_D点,
5233,逆·真武荡魔阵,20007,0,4,100,0,1,0,0,敌之协攻减弱,降低敌方的同伴协助攻击的效果,
5234,逆·无极劲,20007,0,3,100,0,1,0,0,损耗敌之提气,以此功法进行防御时，每当运用者反击敌人，消除敌人当前所有的提气值,
5235,逆·三华聚顶,20007,0,4,100,0,0,0,0,解开受封穴道,每当运用者施展功法，随机解开运用者身上C_200031C_D个被封闭的穴道,
5236,逆·九滚十八跌,20007,0,3,100,0,0,0,0,移动效率增加,以此功法进行防御时，每当运用者将敌人的攻击卸力，提高运用者所有移动力的移动效率,
5237,逆·亦刀亦剑,20007,0,4,100,0,1,0,0,保留攻击进度,每当运用者切换武器，保留上C_200031C_D件武器的攻击进度,
5238,逆·元山七煞阵,20007,0,4,100,0,1,0,0,减敌攻击进度,每当运用者的同伴攻击敌人，敌人的攻击进度就会减少,
5239,逆·金刀换掌功,20007,0,3,100,0,1,0,0,降低敌之伤害,以此功法进行防御时，降低敌人的武器的伤害,
5240,逆·释迦掷象,20007,0,4,0,0,1,0,0,获得护体真气,每当运用者切换武器，武器的重量越重，运用者就有越高的机率获得C_200031C_D点护体真气,
5241,逆·太卜玄典,20007,0,4,100,0,0,0,0,多种能力提升,运用者拥有的劈式越多，运用者的攻击速度越快；运用者拥有的刺式越多，运用者的移动速度越快；运用者拥有的撩式越多，运用者的提气与架势速度越快,
5242,逆·太初归藏诀,20007,0,3,100,0,1,0,0,免受特定伤害,以此功法进行防御时，运用者的守御值不会因为任何原因而降低,
5243,逆·狮相铁头功,20007,0,3,100,0,1,0,0,头部反震增强,以此功法进行防御时，如果敌人攻击运用者的头部将会受到更多的反震伤害,
5244,逆·兵闻拙速,20007,0,4,100,0,1,0,0,攻击进度增加,每当敌人对运用者造成伤害，运用者的攻击进度就会增加,
5245,逆·刀枪不入法,20007,0,3,100,0,0,0,0,提高周身破刃,以此功法进行防御时，运用者周身所有的部位均视为额外被破刃值C_2000310C_D的防具所覆盖,
5246,逆·霸王举鼎,20007,0,4,0,0,1,0,0,降低所受伤害,运用者的负重越高，就有越高的机率降低敌人对运用者造成的伤害,
5247,逆·狮啸功,20007,0,4,100,0,0,0,0,提高移动速度,当运用者失去所有的守御值时，运用者的移动速度就会大幅提高,
5248,逆·霸王解甲功,20007,0,3,100,0,0,0,0,获得护体真气,施展此功法时，运用者失去所有的守御值，运用者失去的守御值越多，运用者就能获得越多的护体真气,
5249,逆·五鬼搬运法,20007,0,3,50,0,0,0,0,转移敌之移动,以此功法进行防御时，每当运用者将敌人的攻击拆招，一定机率将敌人的C_200031C_D点移动力转移给运用者,
5250,逆·长目飞耳功,20007,0,4,0,0,1,0,0,免受破绽影响,运用者与敌人的距离越远，运用者身上的所有破绽就有越高的机率不会生效,
5251,逆·阴阳眼术,20007,0,4,100,0,0,0,0,降低敌之攻速,在运用者“准备施展”功法的过程中，降低敌人的攻击速度,
5252,逆·摄魂大法,20007,0,3,100,0,1,0,0,反震伤害增强,以此功法进行防御时，运用者反震给敌人的心神性伤害大幅提高,
5253,逆·六丁六甲阵,20007,0,4,100,0,1,0,0,消除敌之增益,每当运用者的同伴为运用者抵挡伤害，消除敌人身上的C_200031C_D个增益状态,
5254,逆·天罡咒,20007,0,3,100,0,1,0,0,降低特定伤害,以此功法进行防御时，如果敌人施展正练的功法攻击运用者，敌人造成的伤害大幅降低,
5255,逆·象拟比转功,20007,0,3,100,0,0,0,0,转移己之点穴,施展此功法时，将运用者身上的C_200033C_D个点穴效果转移给敌人,
5256,逆·万化各归,20007,0,3,100,0,1,0,0,降低敌之防御,以此功法进行防御时，每当运用者成功反击敌人，C_20003「降低敌人的护体值与御气值」C_D,
5257,逆·冰清玉洁,20007,0,4,100,0,0,0,0,降低敌之移速,运用者的魅力越高，敌人的移动速度就越低,
5258,逆·精卫填海式,20007,0,3,100,0,1,0,0,扰乱敌之移动,以此功法进行防御时，每当运用者将敌人的攻击拆招，给敌人添加C_200031C_D个被破坏的移动力,
5259,逆·墨玉功,20007,0,4,100,0,1,0,0,消除敌之增益,每当运用者受到致命伤，消除敌人身上的C_200031C_D个增益状态,
5260,逆·天女散花阵,20007,0,4,100,0,0,0,0,消除敌之移动,每当运用者的同伴攻击敌人，随机消除敌人的C_200031C_D点移动力,
5261,逆·霞姝仙衣法,20007,0,4,100,0,1,0,0,造成心神内伤,只要运用者的魅力高于敌人，每当敌人施展功法攻击运用者，运用者就会对敌人造成C_200031C_D个心神性的内伤,
5262,逆·镜花水月,20007,0,3,100,0,0,0,0,提高反击伤害,以此功法进行防御时，敌人所受的心神性内伤越重，运用者就有越高的机率免受敌人造成的任何伤害,
5263,逆·女娲补天式,20007,0,3,100,0,1,0,0,获得特定真气,以此功法进行防御时，每当运用者受到致命伤，运用者就会获得C_200031C_D点摧破真气和C_200031C_D点护体真气,
5264,逆·七手八脚功,20007,0,4,100,0,0,0,0,提高移动速度,当运用者装备C_200033C_D种不同类型的武器时，运用者的移动速度加快,
5265,逆·木甲护身法,20007,0,3,100,0,1,0,0,免受轻度外伤,以此功法进行防御时，敌人对运用者造成的轻外伤降低C_20003100%C_D,
5266,逆·辟甲真钢十四诀,20007,0,4,100,0,1,0,0,武器破甲不减,运用者的武器的破甲值不会被敌人的防具的坚韧值抵消，但每当运用者施展功法攻击敌人，运用者的武器的耐久度必然会大量减少,
5267,逆·神机阵,20007,0,4,100,0,0,0,0,同伴防御加快,缩短运用者的同伴为运用者抵挡伤害的间隔,
5268,逆·天兵披甲术,20007,0,3,100,0,0,0,0,降低敌之破甲,以此功法进行防御时，敌人的武器的破甲值降低C_20003100%C_D，但每当敌人对运用者造成伤害，运用者的防具的耐久度必然会减少,
5269,逆·玲珑九窍,20007,0,3,100,0,1,0,0,损耗特定真气,施展此功法时，运用者所装备的所有宝物的耐久度减少，每件宝物均会依据其自身材质的不同使敌人失去不同类型的真气,
5270,逆·天铸玄铁册,20007,0,4,100,0,0,0,0,武器伤害变化,运用者当前所使用的武器的伤害不会低于运用者所装备的所有武器的伤害的平均值,
5271,逆·四指青膏,20007,0,4,100,0,0,0,0,更多驱毒机会,使运用者在战斗中驱除毒素的机会增加,
5272,逆·三部九候法,20007,0,4,100,0,0,0,0,更易造成破绽,运用者与敌人的距离越近，运用者的攻击越容易使敌人出现破绽,
5273,逆·腑脏切剖法,20007,0,4,100,0,1,0,0,造成致命伤势,每当运用者施展功法击中敌人胸腹部位的破绽，就必然会对敌人造成致命伤,
5274,逆·五黄辟毒术,20007,0,3,100,0,1,0,0,降低毒质伤害,以此功法进行防御时，运用者受到的毒质性伤害大幅降低,
5275,逆·子午安息香,20007,0,4,20,0,1,0,0,损耗敌之真气,每当运用者击中敌人的头部，敌人就有一定机率失去C_200031C_D点随机类型的真气,
5276,逆·驱血法,20007,0,4,50,0,1,0,0,转移体内毒素,每当运用者施展功法攻击敌人，一定机率立即将运用者体内的部分毒素转移给敌人,
5277,逆·白水长生法,20007,0,4,100,0,1,0,0,获得奇窍真气,每当运用者毒性发作，运用者获得C_200031C_D点奇窍真气,
5278,逆·青蛟生骨功,20007,0,3,100,0,1,0,0,加重敌之伤势,以此功法进行防御时，持续加重敌人身上所有伤口的伤势程度,
5279,逆·九色玉蝉法,20007,0,4,100,0,1,50,0,随机治愈伤势,当运用者受到的外伤或内伤即将超过承受上限的C_2000350%C_D时，每当运用者受到伤害，就会消耗C_200031C_D点奇窍真气，随机治愈C_200031C_D个伤口,
5280,逆·随所欲,20007,0,4,100,0,1,0,0,随机增减真气,每当运用者被点穴，使运用者获得C_200031C_D点随机类型的真气或失去C_200031C_D点随机类型的真气,
5281,逆·拿脉功,20007,0,3,100,0,1,0,0,降低敌之架势,以此功法进行防御时，C_20003「降低敌人的架势速度」C_D,
5282,逆·易筋缩骨功,20007,0,3,100,0,1,0,0,免受四肢伤害,以此功法进行防御时，敌人的普通攻击无法击中运用者的四肢，敌人的功法对运用者的四肢造成的伤害降低,
5283,逆·七轮感应法,20007,0,4,100,0,1,0,0,增加提气架势,每当运用者的真气减少，增加运用者的提气值与架势值,
5284,逆·曼荼罗真言,20007,0,3,100,0,1,0,0,获得摧破真气,施展此功法时，运用者获得C_200032C_D点摧破真气,
5285,逆·明王拙火定,20007,0,3,100,0,1,0,0,施加大量烈毒,以此功法进行防御时，每当运用者反震敌人的攻击，根据运用者的奇窍真气，对敌人施加大量烈毒,
5286,逆·大手印,20007,0,4,100,0,1,0,0,攻击不被化解,当运用者拥有的式小于C_200033C_D个时，运用者的普通攻击无法被化解,
5287,逆·即身成佛,20007,0,3,100,0,1,50,0,增加己之气血,以此功法进行防御时，如果运用者受到的外伤或内伤超过运用者承受上限的C_2000350%C_D，每当敌人施展功法攻击运用者，依据运用者的佛学造诣，C_20003「增加运用者的外伤与内伤上限」C_D,
5288,逆·迷虫香,20007,0,4,100,0,1,0,0,获得施蛊之虫,每当运用者毒性发作，运用者获得C_200031C_D只蛊虫,
5289,逆·乱情瘴,20007,0,3,50,0,1,0,0,消除敌之移动,以此功法进行防御时，每当运用者反震敌人的攻击，一定机率随机消除敌人的C_200031C_D点移动力,
5290,逆·红玉九香虫,20007,0,4,100,0,1,0,0,提高功法伤害,每当运用者施展功法攻击敌人，依据运用者体内的各类毒素数量提高功法的伤害,
5291,逆·灭蛊咒,20007,0,3,100,0,0,0,0,施加毒质伤害,施展此功法时，敌人拥有的蛊虫数量越多，就会受到C_200031C_D个越强的毒质性伤害,
5292,逆·血偶破煞法,20007,0,3,100,0,0,0,0,消除己之破绽,以此功法进行防御时，每当运用者将敌人的攻击拆解，随机消除相当于运用者拥有的蛊虫数量的破绽,
5293,逆·丧魂息,20007,0,3,100,0,1,0,0,施加大量腐毒,以此功法进行防御时，每当运用者将敌人的攻击闪避，根据运用者的奇窍真气，对敌人施加大量腐毒,
5294,逆·天蚕噬蛊,20007,0,4,100,0,1,0,0,提高毒素衍生,提高敌人毒性发作对敌人造成的衍生毒害,
5295,逆·鬼降大法,20007,0,3,100,0,1,0,0,降低敌之气血,以此功法进行防御时，每当运用者成功反击敌人，C_20003「降低敌人的外伤上限」C_D并使敌人的内息紊乱,
5296,逆·天蛇换骨功,20007,0,4,100,0,0,0,0,减轻重大伤势,每当敌人将要对运用者的四肢造成伤势程度超过C_2000350%C_D的伤口时，此伤害减少C_2000390%C_D,
5297,逆·天关通,20007,0,4,100,0,1,0,0,消除己之破绽,当运用者身上的某个部位有7个或更多破绽时，消除此部位上所有的破绽,
5298,逆·河伯娶妻,20007,0,3,100,0,1,0,0,转移敌之架势,以此功法进行防御时，每当运用者成功反击敌人，将敌人的一部分架势值转移给运用者,
5299,逆·六转天潢,20007,0,3,50,0,1,0,0,损耗敌之真气,以此功法进行防御时，每当运用者将敌人的攻击拆招，一定机率使敌人的摧破真气减少C_200031C_D点,
5300,逆·寒冰八脉,20007,0,3,100,0,1,0,0,施加大量寒毒,以此功法进行防御时，每当敌人对运用者进行点穴，根据运用者的奇窍真气，对敌人施加大量寒毒,
5301,逆·南斗六星阵,20007,0,4,100,0,0,0,0,同伴频繁攻击,运用者的同伴攻击敌人的机率提高,
5302,逆·九曜星君眼,20007,0,4,100,0,0,0,0,多种能力提升,运用者拥有的掷式越多，运用者的攻击速度越快；运用者拥有的弹式越多，运用者的移动速度越快；运用者拥有的御式越多，运用者的提气与架势速度越快,
5303,逆·怒相功,20007,0,4,0,0,1,0,0,降低所受伤害,运用者的魅力越低，就有越高的机率降低敌人对运用者造成的伤害,
5304,逆·龙回首,20007,0,3,100,0,1,0,0,额外获得移动,以此功法进行防御时，每当运用者将敌人的攻击卸力，运用者获得C_200031C_D点移动力,
5305,逆·神火罩功,20007,0,3,100,0,1,0,0,提高己之破气,以此功法进行防御时，每当运用者反震敌人的攻击，C_20003「提高运用者的破气强度」C_D,
5306,逆·龙闯阵,20007,0,4,100,0,1,0,0,减敌移动进度,每当运用者的同伴攻击敌人，敌人的移动进度就会减少,
5307,逆·雷公铸骨,20007,0,3,100,0,1,0,0,反转己之状态,以此功法进行防御时，每当运用者受到致命伤，将运用者身上的C_200031C_D个减益状态变换为增益状态,
5308,逆·天芒丹心术,20007,0,4,100,0,0,0,0,多种能力提升,运用者拥有的崩式越多，运用者的攻击速度越快；运用者拥有的点式越多，运用者的移动速度越快；运用者拥有的拿式越多，运用者的提气与架势速度越快,
5309,逆·千年醉,20007,0,4,100,0,1,0,0,增加追击机率,当运用者在醉酒的状态下普通攻击敌人时，运用者追击敌人的机率超大幅增加,
5310,逆·遮天蔽日功,20007,0,3,100,0,1,0,0,禁止敌人蓄式,以此功法进行防御时，敌人无法通过普通攻击获取式,
5311,逆·烂泥绝技,20007,0,3,100,0,1,0,0,免受敌之变招,以此功法进行防御时，敌人对运用者的变招必然失败,
5312,逆·乱气杀,20007,0,4,0,0,1,0,0,提高攻击伤害,运用者的内息越紊乱，就有越高的机率提高运用者对敌人造成的伤害,
5313,逆·鬼夜哭,20007,0,3,100,0,1,0,0,降低敌之命中,施展此功法时，依据敌人的勇壮，C_20003「降低敌人的力道、精妙、迅疾」C_D,
5314,逆·血食功,20007,0,4,100,0,0,0,0,提高攻击伤害,运用者受伤越重，就有越高的机率提高运用者对敌人造成的伤害,
5315,逆·移魂大法,20007,0,3,100,0,1,0,0,驱使敌人移动,施展此功法时，立刻令敌人远离运用者,
5316,逆·心我两灭咒,20007,0,4,100,0,0,0,0,提高攻击伤害,运用者与敌人拥有越多相同的式，就有越高的机率提高运用者对敌人造成的伤害,
5317,逆·十二血童大阵,20007,0,4,100,0,0,0,0,操控同伴防御,运用者的同伴会无视一切危险为运用者抵挡伤害，即使该同伴受到的外伤或内伤已经超过其承受上限,
5318,逆·天魔通,20007,0,3,100,0,1,0,0,施加大量郁毒,以此功法进行防御时，根据运用者的摧破真气，持续对敌人施加大量郁毒,
5319,逆·血童不死身,20007,0,4,100,0,0,100,0,免受伤势影响,当运用者受到的外伤或内伤超过运用者自身的承受上限时，每当运用者受到攻击，从运用者其它非摧破类型的真气中各取C_200031C_D点转换为摧破真气，只要运用者非摧破类型的真气均不为C_200030C_D，运用者就不会被击败,
10201,接招,20003,0,0,100,0,1,0,0,第一招！,接下五招即可获胜,
10202,接招,20003,0,0,100,0,1,0,0,第二招！,接下五招即可获胜,
10203,接招,20003,0,0,100,0,1,0,0,第三招！,接下五招即可获胜,
10204,接招,20003,0,0,100,0,1,0,0,第四招！,接下五招即可获胜,
10205,接招,20003,0,0,100,0,1,0,0,最后一招！,接下五招即可获胜,
10301,护命,20005,0,0,100,0,1,0,0,降低所受外伤,护具受到敌人的攻击时，如果此护具受到损坏，减少你此次受到的外伤,
10302,烁血,20005,0,0,100,0,1,0,0,反震所受外伤,护具受到敌人的攻击时，如果此护具受到损坏，反震一部分外伤给敌人,
10303,护气,20005,0,0,100,0,1,0,0,降低所受内伤,护具受到敌人的攻击时，如果此护具受到损坏，减少你此次受到的内伤,
10304,烁光,20005,0,0,100,0,1,0,0,反震所受内伤,护具受到敌人的攻击时，如果此护具受到损坏，反震一部分内伤给敌人,
10305,实战修习,20004,0,0,100,0,1,0,0,修习程度提升,因在实战中使用功法，提升了功法的修习程度,
20001,闻恶声,20007,0,4,100,0,0,0,0,提高攻击速度,敌人的名誉越低，运用者的攻击速度就越快,
20002,祛善,20007,0,4,100,0,0,0,0,提高攻击伤害,敌人的处世立场越倾向于“唯我”，运用者对敌人造成的伤害就越高,
20003,唤目,20007,0,4,100,0,0,0,0,敌人出现破绽,战斗开始或运用者被替换上场时，随机使敌人出现C_200033C_D个破绽,
20004,妖心示显,20007,0,4,100,0,0,0,0,提高破体破气,敌人的心情越好或越坏，运用者的破体、破气就越高,
20005,百邪,20007,0,4,100,0,0,0,0,提高攻击距离,运用者受伤越重，攻击距离就越远,
20006,堕心九部众,20007,0,4,100,0,1,0,0,施加随机毒素,每当运用者施展功法攻击敌人，敌人的入邪程度越高，就会对敌人施加越多随机类型的毒素,
20007,众相生,20007,0,4,100,0,0,0,0,降低敌之移速,每当运用者移动时，运用者的处世立场就会发生变化；如果运用者与敌人的处世立场相同，敌人的移动速度就会超大幅下降,
20008,神断护法,20007,0,4,100,0,0,0,0,降低敌之防御,敌人的入邪程度越高，敌人的护体、御气、卸力、拆招、闪避就下降越多,
20009,玄狱九老,20007,0,4,100,0,1,0,0,吸取敌之真气,每当运用者施展功法攻击敌人，吸取敌人C_200033C_D点随机类型的真气,
30001,神女还剑,20009,0,4,100,0,1,50,1,莫女衣出鞘！,如果运用者受到的外伤或内伤超过运用者承受上限的C_2000350%C_D，每当敌人对运用者进行普通攻击，如果敌人未能追击，运用者就必定会对敌人进行威力极强的反击,
30002,镇狱伏邪,20009,0,4,100,0,1,50,1,伏邪铁出鞘！,如果运用者受到的外伤或内伤超过运用者承受上限的C_2000350%C_D，敌人就无法离开运用者的攻击范围,
30003,奇寒灵气,20009,0,4,100,0,0,50,1,大玄凝出鞘！,如果运用者受到的外伤或内伤超过运用者承受上限的C_2000350%C_D，只要敌人在运用者的攻击范围之内，敌人的攻击、移动、提气、架势速度就会大幅降低,
30004,七字五彩,20009,0,4,100,0,0,50,1,凤凰茧出鞘！,如果运用者受到的外伤或内伤超过运用者承受上限的C_2000350%C_D，运用者的真气就会持续随机增加，一旦运用者的所有真气均高于敌人对应类型真气的C_200032C_D倍以上时，运用者就能免受敌人造成的任何伤害,
30005,倾国绝世,20009,0,4,100,0,0,50,1,焚神炼出鞘！,如果运用者受到的外伤或内伤超过运用者承受上限的C_2000350%C_D，只要运用者拥有的可使用的式多于敌人，运用者就会对敌人造成C_20003100C_D倍无法反震、治愈、转移的伤害,
30006,烛阴化命,20009,0,4,100,0,0,50,1,解龙魄出鞘！,如果运用者受到的外伤或内伤超过运用者承受上限的C_2000350%C_D，运用者的攻击范围就会变化为最大,
30007,溶尘化玉,20009,0,4,100,0,0,50,1,溶尘隐出鞘！,如果运用者受到的外伤或内伤超过运用者承受上限的C_2000350%C_D，运用者每拥有C_200031C_D点未被破坏的移动力，运用者的闪避、拆招、卸力就会提高C_20003100%C_D,
30008,八肱八趾,20009,0,4,100,0,1,50,1,囚魔木出鞘！,如果运用者受到的外伤或内伤超过运用者承受上限的C_2000350%C_D，敌人对运用者造成的所有伤害减半，运用者对敌人造成的所有伤害加倍,
30009,方天敕令,20009,0,4,100,0,1,50,1,鬼神霞出鞘！,如果运用者受到的外伤或内伤超过运用者承受上限的C_2000350%C_D，除非敌人在同一次攻击中对运用者造成的内伤与外伤比例相同，否则运用者就会反震大量伤害给敌人,
30010,万相核枢,20009,0,4,100,0,0,50,1,伏虞剑出鞘！,如果运用者受到的外伤或内伤超过运用者承受上限的C_2000350%C_D，每当运用者施展功法攻击敌人，运用者的轮回次数每高出敌人C_200031C_D点，运用者就会额外对敌人造成C_200031C_D个致命的全身性伤害,
40001,神女还剑,20009,0,4,100,0,1,50,1,莫女衣出鞘！,如果运用者受到的外伤或内伤超过运用者承受上限的C_2000350%C_D，每当敌人对运用者进行普通攻击，如果敌人未能追击，运用者就必定会对敌人进行威力极强的反击,
40002,镇狱伏邪,20009,0,4,100,0,1,50,1,伏邪铁出鞘！,如果运用者受到的外伤或内伤超过运用者承受上限的C_2000350%C_D，敌人就无法离开运用者的攻击范围,
40003,奇寒灵气,20009,0,4,100,0,0,50,1,大玄凝出鞘！,如果运用者受到的外伤或内伤超过运用者承受上限的C_2000350%C_D，只要敌人在运用者的攻击范围之内，敌人的攻击、移动、提气、架势速度就会大幅降低,
40004,七字五彩,20009,0,4,100,0,0,50,1,凤凰茧出鞘！,如果运用者受到的外伤或内伤超过运用者承受上限的C_2000350%C_D，运用者的真气就会持续随机增加,
40005,倾国绝世,20009,0,4,100,0,0,50,1,焚神炼出鞘！,如果运用者受到的外伤或内伤超过运用者承受上限的C_2000350%C_D，只要运用者拥有的可使用的式多于敌人，运用者就会对敌人造成C_200032C_D倍无法反震、治愈、转移的伤害,
40006,烛阴化命,20009,0,4,100,0,0,50,1,解龙魄出鞘！,如果运用者受到的外伤或内伤超过运用者承受上限的C_2000350%C_D，运用者的攻击范围就会变化为最大,
40007,溶尘化玉,20009,0,4,100,0,0,50,1,溶尘隐出鞘！,如果运用者受到的外伤或内伤超过运用者承受上限的C_2000350%C_D，运用者每拥有C_200031C_D点未被破坏的移动力，运用者的闪避、拆招、卸力就会提高C_2000320%C_D,
40008,八肱八趾,20009,0,4,100,0,1,50,1,囚魔木出鞘！,如果运用者受到的外伤或内伤超过运用者承受上限的C_2000350%C_D，敌人对运用者造成的所有伤害减少C_2000330%C_D，运用者对敌人造成的所有伤害增加C_2000330%C_D,
40009,方天敕令,20009,0,4,100,0,1,50,1,鬼神霞出鞘！,如果运用者受到的外伤或内伤超过运用者承受上限的C_2000350%C_D，除非敌人在同一次攻击中对运用者造成的内伤与外伤比例相同，否则运用者就会反震大量伤害给敌人,
40010,万相核枢,20009,0,4,100,0,0,50,1,伏虞剑出鞘！,如果运用者受到的外伤或内伤超过运用者承受上限的C_2000350%C_D，每当运用者施展功法攻击敌人，运用者的轮回次数每高出敌人C_200031C_D点，运用者就会额外对敌人造成C_200031C_D个致命的全身性伤害,
