#,0,1,2,3,4,5,71,99
0,技不如人,-50,0,0,0,0,0,战斗失败。
1,不分胜负,-50,0,0,0,0,0,不分胜负。
2,克敌制胜,50,0,-10,10,0,0,战斗胜利。
3,落荒而逃,-50,-1,0,0,0,0,落荒而逃。
4,实战经验,50,0,0,10,0,0,在实战中获得了历练。
103,以多欺少,-20,0,0,-5,0,0,在我方人数比敌方人数多的情况下战胜对手。
104,以少胜多,20,0,0,5,0,0,在我方人数比敌方人数少的情况下战胜对手。
201,欺凌幼小,-50,-1,0,-20,0,0,击败尚未成年且比你年幼的对手。
202,趁人之危,-50,-1,0,-20,0,0,击败身怀六甲的对手。
203,初生之犊,50,0,30,10,1,0,在自己尚未成年且对方比你年长的情况下击败对手。
204,河东狮吼,20,0,20,5,1,0,在自己身怀六甲的情况下击败对手。
301,凌弱·装备,-20,0,0,-20,0,0,击败装备整体比自己弱的对手。
302,胜强·装备,20,0,20,15,1,0,击败装备整体比自己强的对手。
303,凌弱·真气,-20,0,0,-20,0,0,击败真气比自己低很多的对手。
304,胜强·真气,20,0,20,15,1,0,击败真气比自己高很多的对手。
305,凌弱·武学,-10,0,0,-20,0,0,使用了相较对手所使用的武学而言更为高深的武学击败对手。
306,胜强·武学,10,0,10,15,1,0,仅用了相较对手所使用的武学而言更为粗浅的武学击败对手。
307,凌弱·精纯,-30,0,0,-20,0,0,在自己的精纯境界比对手高C_200033C_D或以上的情况下击败对手。
308,胜强·精纯,30,0,30,15,1,0,在自己的精纯境界比对手低C_200033C_D或以上的情况下击败对手。
501,简易疗伤,0,0,0,0,0,0,使用剩余的疗伤机会治疗在此次战斗中所受的伤害。
502,简易驱毒,0,0,0,0,0,0,使用剩余的驱毒机会驱除在此次战斗中所受的毒害。
601,失心人救治,0,0,-50,0,0,0,令堕入相枢魔道者的心神得以复原。
602,神剑归心,0,0,-500,0,0,0,击败了相枢化身！
603,地区恩义,0,0,0,0,0,0,因为消灭了外道恶徒，你获得了所在地区的地区恩义！
604,地区恩义,0,0,0,0,0,0,因为拯救了堕入相枢魔道的失心人，你获得了所在地区的地区恩义！
