#,201,0,98,99,1,2,101,3,4,102,5,103,6,7,8,9,10,11,12,13
0,0,混元·本元化生,20003,“本元化生，气之根本”。\n\n·每凝聚C_200083C_D点真气，提高C_2000816C_D点外伤上限。\n·每凝聚C_200083C_D点真气，提高C_2000816C_D点内伤上限。\n·每凝聚C_200082C_D点真气，所有毒素抵抗提高C_200085C_D点。,-1,-1,0,-1,-1,0,-1,0,16,16,5,5,5,5,5,5
1,1,金刚·金刚伏魔,20008,“金刚伏魔，楼至破秽”。\n\nC_20004「金刚」类功法的威力提高C_2000830%C_D。C_D\nC_20010「紫霞」类功法的威力降低C_2000830%C_D。C_D\n\n·每凝聚C_200083C_D点真气，提高C_2000824C_D点外伤上限。\n·每凝聚C_200083C_D点真气，提高C_200088C_D点内伤上限。\n·每凝聚C_200082C_D点真气，烈毒、郁毒抵抗提高C_2000810C_D点。\n·每凝聚C_200082C_D点真气，腐毒、幻毒抵抗提高C_200085C_D点。,1,-1,30,2,-1,30,-1,0,24,8,10,10,0,0,5,5
2,2,紫霞·紫气东来,20007,“紫气东来，七元度厄”。\n\nC_20004「紫霞」类功法的威力提高C_2000830%C_D。C_D\nC_20010「归元」类功法的威力降低C_2000830%C_D。C_D\n\n·每凝聚C_200083C_D点真气，提高C_2000812C_D点外伤上限。\n·每凝聚C_200083C_D点真气，提高C_2000820C_D点内伤上限。\n·每凝聚C_200082C_D点真气，郁毒、腐毒抵抗提高C_2000810C_D点。\n·每凝聚C_200082C_D点真气，寒毒、幻毒抵抗提高C_200085C_D点。,2,-1,30,5,-1,30,-1,0,12,20,0,10,5,0,10,5
3,3,玄阴·玄阴冰寒,20006,“玄阴冰寒，鲲隐北溟”。\n\nC_20004「玄阴」类功法的威力提高C_2000830%C_D。C_D\nC_20010「纯阳」类功法的威力降低C_2000830%C_D。C_D\n\n·每凝聚C_200083C_D点真气，提高C_200088C_D点外伤上限。\n·每凝聚C_200083C_D点真气，提高C_2000824C_D点内伤上限。\n·每凝聚C_200082C_D点真气，寒毒、赤毒抵抗提高C_2000810C_D点。\n·每凝聚C_200082C_D点真气，烈毒、幻毒抵抗提高C_200085C_D点。,3,-1,30,4,-1,30,-1,0,8,24,5,0,10,10,0,5
4,4,纯阳·纯阳炽火,20010,“纯阳炽火，赤子不惑”。\n\nC_20004「纯阳」类功法的威力提高C_2000830%C_D。C_D\nC_20010「金刚」类功法的威力降低C_2000830%C_D。C_D\n\n·每凝聚C_200083C_D点真气，提高C_2000820C_D点外伤上限。\n·每凝聚C_200083C_D点真气，提高C_2000812C_D点内伤上限。\n·每凝聚C_200082C_D点真气，烈毒、赤毒抵抗提高C_2000810C_D点。\n·每凝聚C_200082C_D点真气，郁毒、幻毒抵抗提高C_200085C_D点。,4,-1,30,1,-1,30,-1,0,20,12,10,5,0,10,0,5
5,5,归元·归元化蕴,20004,“归元化蕴，承天载物”。\n\nC_20004「归元」类功法的威力提高C_2000830%C_D。C_D\nC_20010「玄阴」类功法的威力降低C_2000830%C_D。C_D\n\n·每凝聚C_200083C_D点真气，提高C_2000816C_D点外伤上限。\n·每凝聚C_200083C_D点真气，提高C_2000816C_D点内伤上限。\n·每凝聚C_200082C_D点真气，寒毒、腐毒抵抗提高C_2000810C_D点。\n·每凝聚C_200082C_D点真气，赤毒、幻毒抵抗提高C_200085C_D点。,5,-1,30,3,-1,30,-1,0,16,16,0,0,10,5,10,5
6,0,混元·天人一体,20003,“天人一体，混元一气”。\n\nC_20004所有功法的威力提高C_2000820%C_D。C_D\n\n·每凝聚C_200083C_D点真气，提高C_2000820C_D点外伤上限。\n·每凝聚C_200083C_D点真气，提高C_2000820C_D点内伤上限。\n·每凝聚C_200082C_D点真气，所有毒素抵抗提高C_200085C_D点。,0,-1,20,-1,-1,0,-1,0,20,20,5,5,5,5,5,5
101,1,金刚·金沉则活,20008,“水多金沉，方活其形”。\n\nC_20004「金刚」与「玄阴」类功法的威力提高C_2000820%C_D。C_D\nC_20010「紫霞」与「纯阳」类功法的威力降低C_2000820%C_D。C_D\n\n·每凝聚C_200083C_D点真气，提高C_2000818C_D点外伤上限。\n·每凝聚C_200083C_D点真气，提高C_2000814C_D点内伤上限。\n·每凝聚C_200082C_D点真气，郁毒抵抗提高C_2000810C_D点。\n·每凝聚C_200082C_D点真气，烈毒、寒毒、腐毒、幻毒抵抗提高C_200085C_D点。,1,3,20,2,4,20,-1,0,18,14,5,10,5,0,5,5
102,1,金刚·挫锋则强,20008,“强金得水，方挫其锋”。\n\nC_20004「金刚」类功法的威力提高C_2000820%C_D。C_D\nC_20010「紫霞」类功法的威力降低C_2000820%C_D。\n每次使用「紫霞」类功法都会对自身造成内伤与内息紊乱。C_D\n\n·每凝聚C_200083C_D点真气，提高C_2000822C_D点外伤上限。\n·每凝聚C_200083C_D点真气，提高C_2000810C_D点内伤上限。\n·每凝聚C_200082C_D点真气，郁毒抵抗提高C_2000810C_D点。\n·每凝聚C_200082C_D点真气，烈毒、寒毒、腐毒、幻毒抵抗提高C_200085C_D点。,1,-1,20,2,-1,20,2,2,22,10,5,10,5,0,5,5
103,1,金刚·金缺则弱,20008,“木多金缺，必见残弱”。\n\nC_20010「金刚」类功法的威力降低C_2000830%C_D。\n每次使用「金刚」类功法都会对自身造成严重的内伤与严重的内息紊乱。C_D\n\n·每凝聚C_200083C_D点真气，提高C_200086C_D点外伤上限。\n·每凝聚C_200083C_D点真气，提高C_2000814C_D点内伤上限。\n·每凝聚C_200082C_D点真气，烈毒、郁毒、腐毒抵抗提高C_200085C_D点。,-1,-1,0,1,-1,30,1,3,6,14,5,5,0,0,5,0
104,1,金刚·砍折则断,20008,“木弱逢金，必为砍折”。\n\nC_20010「紫霞」类功法的威力降低C_2000820%C_D。\n每次使用「紫霞」类功法都会对自身造成内伤与内息紊乱。C_D\n\n·每凝聚C_200083C_D点真气，提高C_200088C_D点外伤上限。\n·每凝聚C_200083C_D点真气，提高C_2000816C_D点内伤上限。\n·每凝聚C_200082C_D点真气，烈毒、郁毒、腐毒抵抗提高C_200085C_D点。,-1,-1,0,2,-1,20,2,2,8,16,5,5,0,0,5,0
105,1,金刚·土多则衍,20008,“土多金生，成丘衍脉”。\n\nC_20004「金刚」与「归元」类功法的威力提高C_2000820%C_D。C_D\nC_20010「紫霞」与「玄阴」类功法的威力降低C_2000820%C_D。C_D\n\n·每凝聚C_200083C_D点真气，提高C_2000824C_D点外伤上限。\n·每凝聚C_200083C_D点真气，提高C_200088C_D点内伤上限。\n·每凝聚C_200082C_D点真气，烈毒、郁毒抵抗提高C_2000810C_D点。\n·每凝聚C_200082C_D点真气，腐毒、幻毒抵抗提高C_200085C_D点。,1,5,20,2,3,20,-1,0,18,14,10,10,0,0,5,5
106,1,金刚·藏土则贵,20008,“金得土藏，其贵自蕴”。\n\nC_20004「金刚」类功法的威力提高C_2000820%C_D。C_D\nC_20010「紫霞」类功法的威力降低C_2000820%C_D。C_D\n\n·每凝聚C_200083C_D点真气，提高C_2000812C_D点外伤上限。\n·每凝聚C_200083C_D点真气，提高C_2000820C_D点内伤上限。\n·每凝聚C_200082C_D点真气，烈毒、郁毒抵抗提高C_2000810C_D点。\n·每凝聚C_200082C_D点真气，腐毒、幻毒抵抗提高C_200085C_D点。,1,-1,20,2,-1,20,-1,0,22,10,10,10,0,0,5,5
201,2,紫霞·木焚则烈,20007,“火多木焚，方显其烈”。\n\nC_20004「紫霞」与「纯阳」类功法的威力提高C_2000820%C_D。C_D\nC_20010「归元」与「金刚」类功法的威力降低C_2000820%C_D。C_D\n\n·每凝聚C_200083C_D点真气，提高C_2000818C_D点外伤上限。\n·每凝聚C_200083C_D点真气，提高C_2000814C_D点内伤上限。\n·每凝聚C_200082C_D点真气，腐毒抵抗提高C_2000810C_D点。\n·每凝聚C_200082C_D点真气，郁毒、寒毒、赤毒、幻毒抵抗提高C_200085C_D点。,2,4,20,5,1,20,-1,0,18,14,0,5,5,5,10,5
202,2,紫霞·化顽则用,20007,“强木得火，方化其顽”。\n\nC_20004「紫霞」类功法的威力提高C_2000820%C_D。C_D\nC_20010「归元」类功法的威力降低C_2000820%C_D。\n每次使用「归元」类功法都会对自身造成内伤与内息紊乱。C_D\n\n·每凝聚C_200083C_D点真气，提高C_2000814C_D点外伤上限。\n·每凝聚C_200083C_D点真气，提高C_2000818C_D点内伤上限。\n·每凝聚C_200082C_D点真气，腐毒抵抗提高C_2000810C_D点。\n·每凝聚C_200082C_D点真气，郁毒、寒毒、赤毒、幻毒抵抗提高C_200085C_D点。,2,-1,20,5,-1,20,5,2,14,18,0,5,5,5,10,5
203,2,紫霞·木折则损,20007,“土多木折，必有损害”。\n\nC_20010「紫霞」类功法的威力降低C_2000830%C_D。\n每次使用「紫霞」类功法都会对自身造成严重的内伤与严重的内息紊乱。C_D\n\n·每凝聚C_200083C_D点真气，提高C_2000810C_D点外伤上限。\n·每凝聚C_200083C_D点真气，提高C_2000810C_D点内伤上限。\n·每凝聚C_200082C_D点真气，郁毒、寒毒、腐毒抵抗提高C_200085C_D点。,-1,-1,0,2,-1,30,2,3,10,10,0,5,5,0,5,0
204,2,紫霞·倾陷则伤,20007,“土弱逢木，必为倾陷”。\n\nC_20010「归元」类功法的威力降低C_2000820%C_D。\n每次使用「归元」类功法都会对自身造成内伤与内息紊乱。C_D\n\n·每凝聚C_200083C_D点真气，提高C_2000812C_D点外伤上限。\n·每凝聚C_200083C_D点真气，提高C_2000812C_D点内伤上限。\n·每凝聚C_200082C_D点真气，郁毒、寒毒、腐毒抵抗提高C_200085C_D点。,-1,-1,0,5,-1,20,5,2,12,12,0,5,5,0,5,0
205,2,紫霞·水活则聚,20007,“水活木生，聚木成林”。\n\nC_20004「紫霞」与「玄阴」类功法的威力提高C_2000820%C_D。C_D\nC_20010「归元」与「纯阳」类功法的威力降低C_2000820%C_D。C_D\n\n·每凝聚C_200083C_D点真气，提高C_2000812C_D点外伤上限。\n·每凝聚C_200083C_D点真气，提高C_2000820C_D点内伤上限。\n·每凝聚C_200082C_D点真气，郁毒、腐毒抵抗提高C_2000810C_D点。\n·每凝聚C_200082C_D点真气，寒毒、幻毒抵抗提高C_200085C_D点。,2,3,20,5,4,20,-1,0,18,14,0,10,5,0,10,5
206,2,紫霞·细润则长,20007,“木得水润，其枝方长”。\n\nC_20004「紫霞」类功法的威力提高C_2000820%C_D。C_D\nC_20010「归元」类功法的威力降低C_2000820%C_D。C_D\n\n·每凝聚C_200083C_D点真气，提高C_200088C_D点外伤上限。\n·每凝聚C_200083C_D点真气，提高C_2000824C_D点内伤上限。\n·每凝聚C_200082C_D点真气，郁毒、腐毒抵抗提高C_2000810C_D点。\n·每凝聚C_200082C_D点真气，寒毒、幻毒抵抗提高C_200085C_D点。,2,-1,20,5,-1,20,-1,0,14,18,0,10,5,0,10,5
301,3,玄阴·水缩则活,20006,“木多水缩，方活其质”。\n\nC_20004「玄阴」与「紫霞」类功法的威力提高C_2000820%C_D。C_D\nC_20010「纯阳」与「归元」类功法的威力降低C_2000820%C_D。C_D\n\n·每凝聚C_200083C_D点真气，提高C_2000814C_D点外伤上限。\n·每凝聚C_200083C_D点真气，提高C_2000818C_D点内伤上限。\n·每凝聚C_200082C_D点真气，赤毒抵抗提高C_2000810C_D点。\n·每凝聚C_200082C_D点真气，烈毒、郁毒、寒毒、幻毒抵抗提高C_200085C_D点。,3,2,20,4,5,20,-1,0,14,18,5,5,5,10,0,5
302,3,玄阴·泄势则通,20006,“强水得木，方泄其势”。\n\nC_20004「玄阴」类功法的威力提高C_2000820%C_D。C_D\nC_20010「纯阳」类功法的威力降低C_2000820%C_D。\n每次使用「纯阳」类功法都会对自身造成内伤与内息紊乱。C_D\n\n·每凝聚C_200083C_D点真气，提高C_2000810C_D点外伤上限。\n·每凝聚C_200083C_D点真气，提高C_2000822C_D点内伤上限。\n·每凝聚C_200082C_D点真气，赤毒抵抗提高C_2000810C_D点。\n·每凝聚C_200082C_D点真气，烈毒、郁毒、寒毒、幻毒抵抗提高C_200085C_D点。,3,-1,20,4,-1,20,4,2,10,22,5,5,5,10,0,5
303,3,玄阴·水干则消,20006,“火多水干，必为消解”。\n\nC_20010「玄阴」类功法的威力降低C_2000830%C_D。\n每次使用「玄阴」类功法都会对自身造成严重的内伤与严重的内息紊乱。C_D\n\n·每凝聚C_200083C_D点真气，提高C_2000814C_D点外伤上限。\n·每凝聚C_200083C_D点真气，提高C_200086C_D点内伤上限。\n·每凝聚C_200082C_D点真气，烈毒、寒毒、赤毒抵抗提高C_200085C_D点。,-1,-1,0,3,-1,30,3,3,14,6,5,0,5,5,0,0
304,3,玄阴·熄灭则无,20006,“火弱遇水，必为熄灭”。\n\nC_20010「纯阳」类功法的威力降低C_2000820%C_D。\n每次使用「纯阳」类功法都会对自身造成内伤与内息紊乱。C_D\n\n·每凝聚C_200083C_D点真气，提高C_2000816C_D点外伤上限。\n·每凝聚C_200083C_D点真气，提高C_200088C_D点内伤上限。\n·每凝聚C_200082C_D点真气，烈毒、寒毒、赤毒抵抗提高C_200085C_D点。,-1,-1,0,4,-1,20,4,2,16,8,5,0,5,5,0,0
305,3,玄阴·金多则积,20006,“金多水积，江河汇集”。\n\nC_20004「玄阴」与「金刚」类功法的威力提高C_2000820%C_D。C_D\nC_20010「纯阳」与「紫霞」类功法的威力降低C_2000820%C_D。C_D\n\n·每凝聚C_200083C_D点真气，提高C_200088C_D点外伤上限。\n·每凝聚C_200083C_D点真气，提高C_2000824C_D点内伤上限。\n·每凝聚C_200082C_D点真气，寒毒、赤毒抵抗提高C_2000810C_D点。\n·每凝聚C_200082C_D点真气，烈毒、幻毒抵抗提高C_200085C_D点。,3,1,20,4,2,20,-1,0,14,18,5,0,10,10,0,5
306,3,玄阴·遇金则凝,20006,“水得金助，化气凝形”。\n\nC_20004「玄阴」类功法的威力提高C_2000820%C_D。C_D\nC_20010「纯阳」类功法的威力降低C_2000820%C_D。C_D\n\n·每凝聚C_200083C_D点真气，提高C_2000820C_D点外伤上限。\n·每凝聚C_200083C_D点真气，提高C_2000812C_D点内伤上限。\n·每凝聚C_200082C_D点真气，寒毒、赤毒抵抗提高C_2000810C_D点。\n·每凝聚C_200082C_D点真气，烈毒、幻毒抵抗提高C_200085C_D点。,3,-1,20,4,-1,20,-1,0,10,22,5,0,10,10,0,5
401,4,纯阳·火晦则寿,20010,“土多火晦，方延其寿”。\n\nC_20004「纯阳」与「归元」类功法的威力提高C_2000820%C_D。C_D\nC_20010「金刚」与「玄阴」类功法的威力降低C_2000820%C_D。C_D\n\n·每凝聚C_200083C_D点真气，提高C_2000814C_D点外伤上限。\n·每凝聚C_200083C_D点真气，提高C_2000818C_D点内伤上限。\n·每凝聚C_200082C_D点真气，烈毒抵抗提高C_2000810C_D点。\n·每凝聚C_200082C_D点真气，郁毒、赤毒、腐毒、幻毒抵抗提高C_200085C_D点。,4,5,20,1,3,20,-1,0,14,18,10,5,0,5,5,5
402,4,纯阳·止焰则明,20010,“强火得土，方止其焰”。\n\nC_20004「纯阳」类功法的威力提高C_2000820%C_D。C_D\nC_20010「金刚」类功法的威力降低C_2000820%C_D。\n每次使用「金刚」类功法都会对自身造成内伤与内息紊乱。C_D\n\n·每凝聚C_200083C_D点真气，提高C_2000818C_D点外伤上限。\n·每凝聚C_200083C_D点真气，提高C_2000814C_D点内伤上限。\n·每凝聚C_200082C_D点真气，烈毒抵抗提高C_2000810C_D点。\n·每凝聚C_200082C_D点真气，郁毒、赤毒、腐毒、幻毒抵抗提高C_200085C_D点。,4,-1,20,1,-1,20,1,2,18,14,10,5,0,5,5,5
403,4,纯阳·火熄则亡,20010,“金多火熄，必为灭亡”。\n\nC_20010「纯阳」类功法的威力降低C_2000830%C_D。\n每次使用「纯阳」类功法都会对自身造成严重的内伤与严重的内息紊乱。C_D\n\n·每凝聚C_200083C_D点真气，提高C_2000818C_D点外伤上限。\n·每凝聚C_200083C_D点真气，提高C_200082C_D点内伤上限。\n·每凝聚C_200082C_D点真气，烈毒、郁毒、赤毒抵抗提高C_200085C_D点。,-1,-1,0,4,-1,30,4,3,18,2,5,5,0,5,0,0
404,4,纯阳·销熔则解,20010,“金弱遇火，必见销熔”。\n\nC_20010「金刚」类功法的威力降低C_2000820%C_D。\n每次使用「金刚」类功法都会对自身造成内伤与内息紊乱。C_D\n\n·每凝聚C_200083C_D点真气，提高C_2000820C_D点外伤上限。\n·每凝聚C_200083C_D点真气，提高C_200084C_D点内伤上限。\n·每凝聚C_200082C_D点真气，烈毒、郁毒、赤毒抵抗提高C_200085C_D点。,-1,-1,0,1,-1,20,1,2,20,4,5,5,0,5,0,0
405,4,纯阳·木多则烈,20010,“木多火焚，势必猛烈”。\n\nC_20004「纯阳」与「紫霞」类功法的威力提高C_2000820%C_D。C_D\nC_20010「金刚」与「归元」类功法的威力降低C_2000820%C_D。C_D\n\n·每凝聚C_200083C_D点真气，提高C_2000820C_D点外伤上限。\n·每凝聚C_200083C_D点真气，提高C_2000812C_D点内伤上限。\n·每凝聚C_200082C_D点真气，烈毒、赤毒抵抗提高C_2000810C_D点。\n·每凝聚C_200082C_D点真气，郁毒、幻毒抵抗提高C_200085C_D点。,4,2,20,1,5,20,-1,0,14,18,10,5,0,10,0,5
406,4,纯阳·添木则燎,20010,“火中添木，自相烧燎”。\n\nC_20004「纯阳」类功法的威力提高C_2000820%C_D。C_D\nC_20010「金刚」类功法的威力降低C_2000820%C_D。C_D\n\n·每凝聚C_200083C_D点真气，提高C_2000816C_D点外伤上限。\n·每凝聚C_200083C_D点真气，提高C_2000816C_D点内伤上限。\n·每凝聚C_200082C_D点真气，烈毒、赤毒抵抗提高C_2000810C_D点。\n·每凝聚C_200082C_D点真气，郁毒、幻毒抵抗提高C_200085C_D点。,4,-1,20,1,-1,20,-1,0,18,14,10,5,0,10,0,5
501,5,归元·土变则坚,20004,“金多土变，方得其坚”。\n\nC_20004「归元」与「金刚」类功法的威力提高C_2000820%C_D。C_D\nC_20010「玄阴」与「紫霞」类功法的威力降低C_2000820%C_D。C_D\n\n·每凝聚C_200083C_D点真气，提高C_2000816C_D点外伤上限。\n·每凝聚C_200083C_D点真气，提高C_2000816C_D点内伤上限。\n·每凝聚C_200082C_D点真气，寒毒抵抗提高C_2000810C_D点。\n·每凝聚C_200082C_D点真气，烈毒、赤毒、腐毒、幻毒抵抗提高C_200085C_D点。,5,1,20,3,2,20,-1,0,16,16,5,0,10,5,5,5
502,5,归元·制壅则开,20004,“强土得金，方制其壅”。\n\nC_20004「归元」类功法的威力提高C_2000820%C_D。C_D\nC_20010「玄阴」类功法的威力降低C_2000820%C_D。\n每次使用「玄阴」类功法都会对自身造成内伤与内息紊乱。C_D\n\n·每凝聚C_200083C_D点真气，提高C_2000816C_D点外伤上限。\n·每凝聚C_200083C_D点真气，提高C_2000816C_D点内伤上限。\n·每凝聚C_200082C_D点真气，寒毒抵抗提高C_2000810C_D点。\n·每凝聚C_200082C_D点真气，烈毒、赤毒、腐毒、幻毒抵抗提高C_200085C_D点。,5,-1,20,3,-1,20,3,2,16,16,5,0,10,5,5,5
503,5,归元·土流则散,20004,“水多土流，必为消散”。\n\nC_20010「归元」类功法的威力降低C_2000830%C_D。\n每次使用「归元」类功法都会对自身造成严重的内伤与严重的内息紊乱。C_D\n\n·每凝聚C_200083C_D点真气，提高C_200082C_D点外伤上限。\n·每凝聚C_200083C_D点真气，提高C_2000818C_D点内伤上限。\n·每凝聚C_200082C_D点真气，寒毒、赤毒、腐毒抵抗提高C_200085C_D点。,-1,-1,0,5,-1,30,5,3,2,18,0,0,5,5,5,0
504,5,归元·淤塞则败,20004,“水弱逢土，必为淤塞”。\n\nC_20010「玄阴」类功法的威力降低C_2000820%C_D。\n每次使用「玄阴」类功法都会对自身造成内伤与内息紊乱。C_D\n\n·每凝聚C_200083C_D点真气，提高C_200084C_D点外伤上限。\n·每凝聚C_200083C_D点真气，提高C_2000820C_D点内伤上限。\n·每凝聚C_200082C_D点真气，寒毒、赤毒、腐毒抵抗提高C_200085C_D点。,-1,-1,0,3,-1,20,3,2,4,20,0,0,5,5,5,0
505,5,归元·火尽则生,20004,“土受火焚，火尽土生”。\n\nC_20004「归元」与「纯阳」类功法的威力提高C_2000820%C_D。C_D\nC_20010「玄阴」与「金刚」类功法的威力降低C_2000820%C_D。C_D\n\n·每凝聚C_200083C_D点真气，提高C_2000816C_D点外伤上限。\n·每凝聚C_200083C_D点真气，提高C_2000816C_D点内伤上限。\n·每凝聚C_200082C_D点真气，寒毒、腐毒抵抗提高C_2000810C_D点。\n·每凝聚C_200082C_D点真气，赤毒、幻毒抵抗提高C_200085C_D点。,5,4,20,3,1,20,-1,0,16,16,0,0,10,5,10,5
506,5,归元·火灸则结,20004,“火灸土结，炼质锻形”。\n\nC_20004「归元」类功法的威力提高C_2000820%C_D。C_D\nC_20010「玄阴」类功法的威力降低C_2000820%C_D。C_D\n\n·每凝聚C_200083C_D点真气，提高C_2000820C_D点外伤上限。\n·每凝聚C_200083C_D点真气，提高C_2000820C_D点内伤上限。\n·每凝聚C_200082C_D点真气，寒毒、腐毒抵抗提高C_2000810C_D点。\n·每凝聚C_200082C_D点真气，赤毒、幻毒抵抗提高C_200085C_D点。,5,-1,20,3,-1,20,-1,0,16,16,0,0,10,5,10,5
