#,1,2,99
1,2,1,一只D0已寿终正寝了……
2,1,1,C_10002D0C_Dได้C_20008D1C_D扩建完了！
3,1,1,C_10002D0C_Dได้C_20008D1C_D撤除完了！
4,2,1,C_10002D0C_Dได้C_20008D1C_D采集完了！
5,2,1,C_10002D0C_Dได้C_20008D1C_D完成了制造！
6,1,1,C_10002D0C_Dได้C_20008D1C_D建设完了！
7,2,1,C_10002D0C_Dได้C_20008D1C_D有新的收获消息！
8,2,1,C_10002D0C_Dได้C_20008D1C_D由于缺乏维护，规模正在下降！
9,1,1,C_10002D0C_Dได้C_20008D1C_D由于缺乏维护，已经被荒废！
10,1,0,开始在C_10002D0C_D建设C_20008D1C_D…
11,1,0,开始在C_10002D0C_D扩建C_20008D1C_D…
12,1,0,开始在C_10002D0C_D撤除C_20008D1C_D…
13,2,0,开始在C_10002D0C_D采集C_20008D1C_D的资源…
14,1,0,C_20008开启了新的奇遇：C_10002「D0」C_D…C_D
15,3,1,C_10003D0C_DC_10002人力C_D已经恢复完了。
16,3,0,在C_10002D0C_D调度了C_10003D1C_DC_10002人力C_D，用于C_20008D2C_D…
17,3,0,C_20008解除C_D了调度于C_10002D0C_D用于C_20008D1C_D的C_10002人力C_D…
18,2,1,由于存放了过多的物品，仓库中的D0不慎遗失…
19,1,0,C_20008发现了新的驿站：C_10002D0C_D！C_D
20,2,0,通过C_20010暗渊C_D时，队伍中的所有成员均受到了损伤！
21,3,0,收化了D0之中的灵气，内力修为增加了C_20003D1C_D点…
22,3,0,可惜！没能捉到任何东西…\nC_20008我应当在促织鸣叫的最激烈时再下手捕捉，方可有所收获…C_D
23,2,1,一位流民来到了C_10002D0C_Dได้C_20008D1C_D…
24,2,1,C_10002D0C_Dได้C_20008D1C_D中的一位流民离去了…
25,1,0,取消了在C_10002D0C_D撤除C_20008D1C_D的计划…
26,1,0,取消了在C_10002D0C_D采集C_20008D1C_D的资源的计划…
1001,3,0,在C_10002D0C_D冷静的观察和思考了一番，获得了C_20005D1C_D次筹画机会…
1002,3,0,因为难以在C_10002D0C_D静下心来思考，故而未能筹画出任何计划…
1003,3,0,在C_10002D0C_D努力磨砺了自身的功力，内力修为增长了C_20009D1C_D点…
1004,3,0,尽管努力在C_10002D0C_D磨砺自身的功力，但因未得其法，并未起到好的效果…
1005,3,0,在C_10002D0C_D受到了些许武学上的启发，增加了对武学的理解，获得了C_20004D1C_D历练…
1006,3,0,在C_10002D0C_D受到了些许武学上的启发，但因一时无法理解，历练未能增长…
1007,3,0,在C_10002D0C_D发现了一些新鲜的事物，增长了见闻，获得了C_20004D1C_D历练…
1008,3,0,在C_10002D0C_D发现了一些新鲜的事物，但因一时无法理解，历练未能增长…
1009,3,0,因为在C_10002D0C_D奋力的理气疗伤，C_10002D1C_Dได้C_20010D2C_D伤势程度减轻了C_20004D3%C_D…
1010,3,0,虽然D1在C_10002D0C_D奋力的理气疗伤，但因未得其法，并未起到好的效果…
1011,3,0,因为在C_10002D0C_D顽强的抵御体内的C_20007D2C_D，C_10002D1C_D体内的C_20007D2C_D被成功驱除了C_20004D3C_D点…
1012,3,0,虽然C_10002D1C_D在C_10002D0C_D顽强的抵御体内的C_20007D2C_D，但因未得其法，并未起到好的效果…
1013,3,0,在C_10002D0C_D获取了C_20004D1C_DC_10003D2C_D…
1014,3,0,未能从C_10002D0C_D获取任何资源…
1015,3,0,在C_10002D0C_D获得了D1…
1016,3,0,未能从C_10002D0C_D获取任何东西…
1019,3,0,在C_10002D0C_D遭遇敌人，我方占得先机，本次奇遇中我方的C_20009D1C_D增加C_20005D2C_D…
1020,3,0,在C_10002D0C_D遭遇敌人，不料被敌人占得先机，本次奇遇中我方的C_20009D1C_D减少C_20010D2C_D…
1021,3,0,在C_10002D0C_D与C_10002D1C_D的商队不期而遇…
1022,3,0,在C_10002D0C_D与C_10002D1C_D的商队不期而遇，因为些许误会，遭到了商队的刁难…
1023,3,0,在C_10002D0C_D遭遇意外，所幸并未受伤…
1024,3,0,在C_10002D0C_D遭遇意外，C_10002D1C_D受到了些许C_20010损伤C_D…
1030,3,0,在C_10002D0C_D冷静的观察和思考了一番，C_10002D1C_D的减益效果被消除了…
1031,3,0,因为难以在C_10002D0C_D静下心来思考，故而未能消除任何减益效果…
1101,3,0,在C_10002D0C_D帮助了落队的商人，本次奇遇中商队的好感临时增加C_20005D1C_D…
1102,3,0,在C_10002D0C_D为某个老旧的石碑清除了杂草，本次奇遇中的资源获取量提高C_20005D1C_D…
1103,3,0,在C_10002D0C_D发现了隐秘的福地，本次奇遇中获得更好物品的机率提高C_20005D1C_D…
1104,3,0,在C_10002D0C_D发现了古人的遗刻，本次奇遇中历练的获取量提高C_20005D1C_D…
1105,3,0,在C_10002D0C_D饮下了奇异的甘泉，本次奇遇中疗伤、解毒的效果提高C_20005D1C_D…
1106,3,0,在C_10002D0C_D服食了奇异的野果，本次奇遇中内力修为的增加量增加C_20005D1C_D点…
1107,3,0,在C_10002D0C_D成功驱赶了毛色火红的异鸟，本次奇遇中捉到更好促织的机率提高C_20005D1C_D…
1201,3,0,在C_10002D0C_D被落队的商人误认为贼匪，本次奇遇中商队的好感临时减少C_20010D1C_D…
1202,3,0,在C_10002D0C_D意外损坏了某个老旧的石碑，本次奇遇中的资源获取量降低C_20010D1C_D…
1203,3,0,在C_10002D0C_D误入了隐秘的凶地，本次奇遇中获得更好物品的机率降低C_20010D1C_D…
1204,3,0,在C_10002D0C_D被一阵古怪的香气醉倒，本次奇遇中历练的获取量降低C_20010D1C_D…
1205,3,0,在C_10002D0C_D误饮了古怪的泉水，本次奇遇中疗伤、解毒的效果降低C_20010D1C_D…
1206,3,0,在C_10002D0C_D误食了古怪的野果，本次奇遇中内力修为的增加量减少C_20010D1C_D点…
1207,3,0,在C_10002D0C_D惊醒了毛色火红的异鸟，本次奇遇中捉到更好促织的机率降低C_20010D1C_D…
5001,3,1,C_10002D0C_Dได้C_20008RepC_DC_20005เพิ่มขึ้นC_D了…
5002,3,1,C_10002D0C_Dได้C_20008RepC_DC_20010ลดลงC_D了…
5003,3,1,C_10002D0C_Dได้C_20008MoodC_DC_20005เพิ่มขึ้นC_D了…
5004,3,1,C_10002D0C_Dได้C_20008MoodC_DC_20010ลดลงC_D了…
5005,3,1,D2C_10002D0C_Dต่อC_10002D1C_Dได้C_20008OpionC_DC_20005เพิ่มขึ้นC_D了…
5006,3,1,D2C_10002D0C_Dต่อC_10002D1C_Dได้C_20008OpionC_DC_20010ลดลงC_D了…
5007,3,1,C_20005获得了C_D D1 C_10002「D0」C_D…
5008,3,1,C_20010失去了C_D D1 C_10002「D0」C_D…
5009,3,1,因为立场，C_10002D0C_Dได้C_20008MoodC_DC_20005เพิ่มขึ้นC_D了…
5010,3,1,因为立场，C_10002D0C_Dได้C_20008MoodC_DC_20010ลดลงC_D了…
6001,3,1,听闻D2C_10002D0C_DC_20005喜爱C_DC_10002「D1」C_D…
6002,3,1,听闻D2C_10002D0C_DC_20010厌恶C_DC_10002「D1」C_D…
6003,3,1,听闻D1C_10002D0C_D没有C_20005喜爱C_D的东西…
6004,3,1,听闻D1C_10002D0C_D没有C_20010厌恶C_D的东西…
9001,3,1,在C_10002D0C_D观察“七元符图”，获得了C_20004D1C_D历练…
